mtllib MODELPAGES.mtl
g CARMODEL_1_damaged
o CARMODEL_1_damaged
v 0 0.00317383 -0.10498
v -0.0422363 0.00219727 -0.109863
v 0 0.032959 0.00927734
v -0.0341797 0.0317383 0.00927734
v -0.0439453 0.00708008 0.0119629
v -0.0439453 0.00585938 0.0961914
v 0 0.0317383 -0.0324707
v 0 0.00708008 -0.0500488
v -0.0341797 0.0305176 -0.0275879
v -0.0439453 0.00708008 -0.045166
v -0.0195312 -0.032959 -0.0537109
v -0.0402832 -0.032959 -0.0537109
v -0.0354004 -0.0317383 0.0131836
v -0.0195312 -0.0305176 0.0559082
v -0.0402832 -0.0305176 0.0559082
v -0.0195312 -0.0280762 0.0998535
v -0.0402832 -0.0280762 0.0998535
v -0.0195312 -0.0305176 -0.0976562
v -0.0402832 -0.0305176 -0.0976562
v -0.0432129 0.00512695 -0.0776367
v 0 0.0158691 -0.0842285
v -0.0463867 -0.0112305 -0.0930176
v -0.0463867 -0.0107422 -0.0600586
v -0.0446777 0.00708008 0.0778809
v -0.0471191 -0.0109863 0.0961914
v -0.0471191 -0.0112305 0.059082
v -0.0405273 -0.0109863 0.0131836
v -0.0412598 -0.0109863 -0.0507812
v -0.0432129 -0.0183105 0.110107
v 0 -0.0185547 0.104004
v -0.0415039 -0.0197754 0.11499
v -0.0412598 -0.0273438 0.11499
v -0.0432129 -0.020752 -0.109619
v 0 -0.0209961 -0.102295
v 0 -0.0209961 -0.105225
v 0 -0.0305176 -0.10376
v -0.0410156 -0.0305176 -0.111084
v -0.0427246 -0.020752 -0.112549
v 0.0402832 -0.0280762 0.0998535
v 0.0195312 -0.0280762 0.0998535
v 0.0354004 -0.0317383 0.0131836
v 0.0402832 -0.0305176 0.0559082
v 0.0195312 -0.0305176 0.0559082
v 0.0402832 -0.032959 -0.0537109
v 0.0195312 -0.032959 -0.0537109
v 0.0412598 -0.0273438 0.111328
v 0 -0.0273438 0.108398
v 0.0195312 -0.0305176 -0.0976562
v 0.0402832 -0.0305176 -0.0976562
v 0.0410156 -0.0305176 -0.113525
v 0.0432129 -0.020752 -0.112061
v 0.0427246 -0.020752 -0.11499
v 0.0415039 -0.0197754 0.111328
v 0.0432129 -0.0183105 0.106445
v 0.0439453 0.00585938 0.102295
v 0.0446777 0.00708008 0.0778809
v 0.0439453 0.00708008 0.0119629
v 0 -0.0200195 0.108398
v 0.0471191 -0.0109863 0.0961914
v 0.0463867 -0.0112305 -0.0930176
v 0.0432129 0.00512695 -0.0776367
v 0.0422363 0.00219727 -0.112305
v 0.0471191 -0.0112305 0.059082
v 0.0405273 -0.0109863 0.0131836
v 0.0439453 0.00708008 -0.045166
v 0.0412598 -0.0109863 -0.0507812
v 0.0463867 -0.0107422 -0.0600586
v 0.0341797 0.0305176 -0.0275879
v 0.0341797 0.0317383 0.00927734
v 0.0424805 0.0131836 -0.0854492
v -0.0422363 0.0205078 -0.0854492
usemtl none
f 1 1 1 
f 1 1 1 
f 1 1 1 
f 1 1 1 
f 1 1 1 
f 1 1 1 
f 1 1 1 
f 1 1 1 
f 1 1 1 
f 1 1 1 
f 1 1 1 
f 1 1 1 
f 1 1 1 
f 1 1 1 
f 1 1 1 
f 1 1 1 
f 1 1 1 
f 1 1 1 
f 1 1 1 
f 1 1 1 
f 1 1 2 
f 1 1 1 
f 1 1 1 
f 1 1 1 
f 1 1 1 
f 1 1 1 
f 1 1 1 
f 1 1 1 
f 1 1 1 
f 1 1 1 
f 1 1 1 
f 1 1 1 
f 1 1 1 
f 1 1 1 
f 1 1 1 
f 1 1 1 
f 1 1 1 
f 1 1 1 
f 1 1 1 
f 1 1 1 
f 1 1 1 
f 1 1 1 
f 1 1 1 
f 1 1 1 
f 1 1 1 
f 1 1 1 
f 1 1 1 
f 1 1 1 
f 1 1 1 
f 1 1 1 
f 1 1 1 
f 1 1 1 
f 1 1 1 
f 1 1 1 
f 1 1 1 
f 1 1 1 
f 1 1 1 
f 1 1 1 
f 1 1 1 
f 1 1 1 
f 1 1 1 
f 1 1 1 
f 1 1 1 
f 1 1 1 
f 1 1 1 
f 1 1 1 
f 1 1 1 
f 1 1 1 
f 1 1 1 
f 1 1 1 
f 1 1 1 
f 1 1 1 
f 1 1 1 
f 1 1 1 
f 1 1 1 
f 1 1 1 
f 1 1 1 
f 1 1 1 
f 1 1 1 
f 1 1 1 
f 1 1 1 
f 1 1 1 
f 1 1 1 
f 1 1 1 
f 1 1 1 
f 1 1 1 
f 1 1 1 
f 1 1 1 
f 1 1 1 
f 1 1 1 
f 1 1 1 
f 1 1 1 
f 1 1 1 
f 1 1 1 
f 1 1 1 
f 1 1 1 
f 1 1 1 
f 1 1 1 
f 1 1 1 
f 1 1 1 
f 1 1 1 
f 1 1 1 
f 1 1 1 
f 1 1 1 
f 1 1 1 
f 1 1 1 
f 1 1 1 
f 1 1 1 
f 1 1 1 
f 1 1 1 
f 1 1 1 
f 1 1 1 
f 1 1 1 
f 1 1 1 
f 1 1 1 
f 1 1 1 
f 1 1 1 
f 1 1 1 
