mtllib MODELPAGES.mtl
g CARMODEL_1_clean
o CARMODEL_1_clean
v 0 0.00317383 -0.124268
v -0.0422363 0.00219727 -0.121826
v 0 0.032959 0.00463867
v -0.0341797 0.0317383 0.00463867
v -0.0439453 0.00708008 0.00732422
v -0.0439453 0.00708008 0.119629
v 0 0.0317383 -0.0371094
v 0 0.00708008 -0.0546875
v -0.0341797 0.0305176 -0.0322266
v -0.0439453 0.00708008 -0.0498047
v -0.0195312 -0.032959 -0.0583496
v -0.0402832 -0.032959 -0.0583496
v -0.0402832 -0.0317383 0.00854492
v -0.0195312 -0.0305176 0.0512695
v -0.0402832 -0.0305176 0.0512695
v -0.0195312 -0.0280762 0.0952148
v -0.0402832 -0.0280762 0.0952148
v -0.0195312 -0.0305176 -0.102295
v -0.0402832 -0.0305176 -0.102295
v -0.0432129 0.00512695 -0.0822754
v 0 0.00610352 -0.081543
v -0.0463867 -0.0112305 -0.0976562
v -0.0463867 -0.0107422 -0.0646973
v -0.0446777 0.00708008 0.0732422
v -0.0471191 -0.0109863 0.0915527
v -0.0471191 -0.0112305 0.0544434
v -0.0458984 -0.0109863 0.00854492
v -0.0458984 -0.0109863 -0.0554199
v -0.0432129 -0.0183105 0.118896
v 0 -0.0185547 0.120361
v -0.0415039 -0.0197754 0.123779
v -0.0412598 -0.0273438 0.123779
v -0.0432129 -0.020752 -0.121582
v 0 -0.0209961 -0.121338
v 0 -0.0209961 -0.124512
v 0 -0.0305176 -0.123047
v -0.0410156 -0.0305176 -0.123047
v -0.0427246 -0.020752 -0.124512
v 0.0402832 -0.0280762 0.0952148
v 0.0195312 -0.0280762 0.0952148
v 0.0402832 -0.0317383 0.00854492
v 0.0402832 -0.0305176 0.0512695
v 0.0195312 -0.0305176 0.0512695
v 0.0402832 -0.032959 -0.0583496
v 0.0195312 -0.032959 -0.0583496
v 0.0412598 -0.0273438 0.123779
v 0 -0.0273438 0.124512
v 0.0195312 -0.0305176 -0.102295
v 0.0402832 -0.0305176 -0.102295
v 0.0410156 -0.0305176 -0.123047
v 0.0432129 -0.020752 -0.121582
v 0.0427246 -0.020752 -0.124512
v 0.0415039 -0.0197754 0.123779
v 0.0432129 -0.0183105 0.118896
v 0.0439453 0.00708008 0.119629
v 0.0446777 0.00708008 0.0732422
v 0.0439453 0.00708008 0.00732422
v 0 -0.0200195 0.124512
v 0.0471191 -0.0109863 0.0915527
v 0.0463867 -0.0112305 -0.0976562
v 0.0432129 0.00512695 -0.0822754
v 0.0422363 0.00219727 -0.121826
v 0.0471191 -0.0112305 0.0544434
v 0.0458984 -0.0109863 0.00854492
v 0.0439453 0.00708008 -0.0498047
v 0.0458984 -0.0109863 -0.0554199
v 0.0463867 -0.0107422 -0.0646973
v 0.0341797 0.0305176 -0.0322266
v 0.0341797 0.0317383 0.00463867
v 0.0424805 0.00585938 -0.0827637
v -0.0422363 0.00585938 -0.0827637
usemtl none
f 48 60 67 
f 45 48 67 
f 43 63 59 
f 40 43 59 
f 18 11 23 
f 22 18 23 
f 14 16 25 
f 26 14 25 
f 47 32 17 
f 39 46 47 
f 47 17 16 
f 40 39 47 
f 16 40 47 
f 18 19 37 
f 50 49 48 
f 36 50 48 
f 36 48 18 
f 37 36 18 
f 65 61 70 
f 10 71 20 
f 70 61 62 
f 2 20 71 
f 13 41 1 
f 15 13 14 
f 42 43 41 
f 11 45 1 
f 13 12 11 
f 41 45 44 
f 48 49 60 
f 44 45 67 
f 43 42 63 
f 39 40 59 
f 19 18 22 
f 11 12 23 
f 15 14 26 
f 16 17 25 
f 48 45 1 
f 16 14 1 
