mtllib MODELPAGES.mtl
g CARMODEL_5_damaged
o CARMODEL_5_damaged
v -0.0466309 -0.00976562 0.0610352
v -0.045166 -0.00976562 0.083252
v -0.0415039 -0.0219727 0.0949707
v -0.0410156 0.0065918 0.108398
v -0.0390625 0.00927734 0.0822754
v -0.0317383 0.0219727 0.0625
v -0.0317383 0.0241699 0.0476074
v -0.0317383 0.0256348 0.0185547
v -0.0317383 0.0241699 -0.00439453
v -0.0427246 0.00585938 -0.0222168
v -0.0415039 0.00219727 -0.0656738
v -0.0400391 0.000976562 -0.0935059
v -0.0427246 -0.012207 -0.0957031
v -0.0427246 -0.0134277 -0.0976562
v -0.0400391 -0.0219727 -0.0939941
v -0.0427246 -0.0231934 -0.088623
v -0.045166 -0.00854492 -0.0852051
v -0.045166 -0.00854492 -0.059082
v -0.0415039 -0.0268555 -0.0478516
v -0.034668 -0.0268555 -0.0222168
v -0.034668 -0.0268555 0.0178223
v -0.0415039 -0.0268555 0.0515137
v -0.0439453 0.00537109 0.0178223
v -0.0429688 0.00561523 0.0515137
v 0 -0.0219727 -0.101074
v 0 -0.012207 -0.104492
v 0 0.00512695 0.115479
v 0 -0.00244141 0.12207
v 0 -0.00244141 0.124512
v 0 -0.0129395 0.124023
v -0.0292969 -0.0268555 0.0515137
v -0.0292969 -0.0268555 -0.0478516
v -0.0292969 -0.0231934 -0.088623
v -0.0134277 -0.0219727 -0.098877
v -0.0134277 -0.012207 -0.102295
v -0.00756836 0.012207 -0.0668945
v -0.00830078 0.00537109 -0.0302734
v -0.0170898 0.0253906 -0.0078125
v -0.0170898 0.0268555 0.0185547
v -0.0170898 0.0253906 0.0476074
v -0.0170898 0.0231934 0.0622559
v -0.0195312 0.0119629 0.0837402
v -0.0195312 0.0144043 0.107666
v -0.0195312 0.00463867 0.121582
v -0.0195312 -0.00244141 0.128174
v -0.0195312 -0.00244141 0.130615
v -0.0195312 -0.0129395 0.130371
v -0.0292969 -0.0219727 0.0949707
v -0.0395508 0.00561523 0.121582
v -0.0424805 -0.00244141 0.127197
v -0.0412598 -0.00244141 0.12915
v -0.0388184 -0.0126953 0.12915
v -0.0390625 -0.00952148 0.0178223
v -0.0385742 -0.00952148 -0.0222168
v -0.0439453 -0.00512695 0.112061
v -0.0415039 -0.0170898 0.116699
v -0.0410156 0.0112305 -0.0668945
v -0.0397949 0.0151367 0.108154
v -0.03125 0.00561523 -0.0253906
v -0.00634766 0.00146484 -0.095459
v -0.0405273 0.00610352 0.0705566
v -0.00439453 0.0136719 -0.0661621
v 0.00756836 0.0146484 -0.0668945
v 0.00830078 0.00537109 -0.0302734
v 0.03125 0.00561523 -0.0253906
v 0.0410156 0.0136719 -0.0668945
v 0.0427246 0.00585938 -0.0222168
v 0.0427246 -0.012207 -0.106689
v 0.0134277 -0.012207 -0.104736
v 0.0134277 -0.0219727 -0.101318
v 0.0400391 -0.0219727 -0.10498
v 0.0427246 -0.0134277 -0.108643
v 0.0400391 0.000976562 -0.104492
v 0.00634766 0.00146484 -0.0979004
v 0.0170898 0.0253906 -0.0078125
v 0.0317383 0.0241699 -0.00439453
v 0 0.00390625 -0.0944824
v 0.00439453 0.0161133 -0.0661621
v 0.0429688 0.00561523 0.0515137
v 0.0317383 0.0241699 0.0476074
v 0.0317383 0.0219727 0.0625
v 0.0405273 0.00610352 0.0705566
v 0.0390625 0.00927734 0.0822754
v 0.0466309 -0.00976562 0.0610352
v 0.045166 -0.00976562 0.083252
v 0.0410156 0.0065918 0.108398
v 0.0439453 -0.00512695 0.112061
v 0.0195312 0.0119629 0.0837402
v 0.0195312 0.0168457 0.107666
v 0.0397949 0.0175781 0.108154
v 0.0195312 0.00463867 0.114258
v 0.0395508 0.00561523 0.114258
v 0.0195312 -0.00244141 0.12085
v 0.0424805 -0.00244141 0.119873
v 0.0170898 0.0231934 0.0622559
v 0.0415039 -0.0170898 0.116699
v 0.0412598 -0.00244141 0.121826
v 0.0388184 -0.0126953 0.121826
v 0.0415039 0.00219727 -0.0656738
v 0.0292969 -0.0219727 0.0949707
v 0.0415039 -0.0219727 0.0949707
v 0.0195312 -0.0129395 0.123047
v 0.034668 -0.0268555 0.0178223
v 0.0415039 -0.0268555 0.0515137
v 0.0292969 -0.0268555 0.0515137
v 0.0292969 -0.0231934 -0.088623
v 0.034668 -0.0268555 -0.0222168
v 0.0292969 -0.0268555 -0.0478516
v 0.0415039 -0.0268555 -0.0478516
v 0.0390625 -0.00952148 0.0178223
v 0.0385742 -0.00952148 -0.0222168
v 0.0439453 0.00537109 0.0178223
v 0.045166 -0.00854492 -0.059082
v 0.0195312 -0.00244141 0.123291
v 0.045166 -0.00854492 -0.0852051
v 0.0427246 -0.0231934 -0.088623
v 0.0170898 0.0268555 0.0185547
v 0.0317383 0.0256348 0.0185547
v 0.0170898 0.0253906 0.0476074
v -0.0402832 0.00610352 0.0825195
v 0.0407715 0.00610352 0.0825195
v -0.0466309 -0.00952148 0.0517578
v 0.0466309 -0.00952148 0.0517578
usemtl none
f 1 1 1 
f 1 1 1 
f 1 1 1 
f 1 1 1 
f 1 1 1 
f 1 1 1 
f 1 1 1 
f 1 1 1 
f 1 1 1 
f 1 1 1 
f 1 1 1 
f 19 54 85 
f 1 1 2 
f 19 54 85 
f 1 1 1 
f 1 1 1 
f 1 1 1 
f 1 1 1 
f 1 1 1 
f 1 1 1 
f 1 1 1 
f 1 1 1 
f 1 1 1 
f 1 1 1 
f 1 1 1 
f 1 1 1 
f 1 1 1 
f 1 1 1 
f 1 1 1 
f 1 1 1 
f 1 1 1 
f 1 1 1 
f 1 1 1 
f 1 1 1 
f 1 1 1 
f 1 1 1 
f 1 1 1 
f 1 1 1 
f 1 1 1 
f 1 1 1 
f 1 1 1 
f 1 1 1 
f 19 54 85 
f 1 1 1 
f 19 54 85 
f 1 1 1 
f 1 1 1 
f 1 1 1 
f 1 1 1 
f 1 1 1 
f 1 1 1 
f 1 1 1 
f 1 1 1 
f 1 1 1 
f 1 1 1 
f 1 1 1 
f 1 1 1 
f 1 1 1 
f 1 1 1 
f 1 1 1 
f 1 1 1 
f 1 1 1 
f 1 1 1 
f 1 1 1 
f 1 1 1 
f 1 1 1 
f 1 1 1 
f 1 1 1 
f 1 1 1 
f 1 1 1 
f 19 54 85 
f 1 1 1 
f 19 54 85 
f 1 1 1 
f 1 1 1 
f 1 1 1 
f 1 1 1 
f 1 1 1 
f 1 1 1 
f 1 1 1 
f 1 1 1 
f 1 1 1 
f 1 1 1 
f 1 1 1 
f 1 1 1 
f 1 1 1 
f 1 1 1 
f 1 1 1 
f 1 1 1 
f 1 1 1 
f 1 1 1 
f 1 1 1 
f 1 1 1 
f 1 1 1 
f 1 1 1 
f 1 1 1 
f 1 1 1 
f 1 1 1 
f 19 54 85 
f 1 1 1 
f 19 54 85 
f 1 1 1 
f 1 1 1 
f 1 1 1 
f 1 1 1 
f 1 1 1 
f 1 1 1 
f 1 1 1 
f 1 1 1 
f 1 1 1 
f 1 1 1 
f 1 1 1 
f 1 1 1 
f 1 1 1 
f 1 1 1 
f 1 1 1 
f 1 1 1 
f 1 1 1 
f 1 1 1 
f 1 1 1 
f 1 1 1 
f 1 1 1 
f 1 1 1 
f 1 1 1 
f 1 1 1 
f 1 1 1 
f 19 54 85 
f 1 1 1 
f 19 54 85 
f 1 1 1 
f 1 1 1 
f 1 1 1 
f 1 1 1 
f 1 1 1 
f 1 1 1 
f 1 1 1 
f 1 1 1 
f 1 1 1 
f 1 1 1 
f 1 1 1 
f 1 1 1 
f 1 1 1 
f 1 1 1 
f 1 1 1 
f 1 1 1 
f 1 1 1 
f 1 1 1 
f 1 1 1 
f 1 1 1 
f 1 1 1 
f 1 1 1 
f 1 1 1 
f 1 1 1 
f 1 1 1 
f 19 54 85 
f 1 1 1 
f 19 54 85 
f 1 1 1 
f 1 1 1 
f 1 1 1 
f 1 1 1 
f 1 1 1 
f 1 1 1 
f 1 1 1 
f 1 1 1 
f 1 1 1 
f 1 1 1 
f 1 1 1 
f 1 1 1 
f 1 1 1 
f 1 1 1 
f 1 1 1 
f 1 1 1 
f 1 1 1 
f 1 1 1 
f 1 1 1 
f 1 1 1 
f 1 1 1 
f 1 1 1 
f 1 1 1 
f 1 1 1 
f 1 1 1 
f 19 54 85 
f 1 1 1 
f 19 54 85 
f 1 1 1 
f 1 1 1 
f 1 1 1 
f 1 1 1 
f 1 1 1 
f 1 1 1 
f 1 1 1 
f 1 1 1 
f 1 1 1 
f 1 1 1 
f 1 1 1 
f 1 1 1 
f 1 1 1 
f 1 1 1 
f 1 1 1 
f 1 1 1 
f 1 1 1 
f 1 1 1 
f 1 1 1 
f 1 1 1 
