mtllib MODELPAGES.mtl
g CARMODEL_2_damaged
o CARMODEL_2_damaged
v -0.000488281 -0.0239258 -0.105469
v 0 -0.0236816 0.101807
v -0.0402832 -0.0273438 -0.0578613
v -0.0427246 -0.00708008 -0.0637207
v -0.0397949 0.00585938 -0.0432129
v -0.0283203 0.026123 -0.0185547
v -0.019043 0.00610352 -0.0463867
v -0.0219727 -0.0273438 -0.0578613
v -0.0402832 -0.0273438 0.0371094
v -0.0219727 -0.0273438 0.0371094
v -0.0444336 -0.00610352 0.0407715
v -0.0283203 0.0249023 0.052002
v -0.0219727 -0.0236816 0.0737305
v -0.0402832 -0.0236816 0.0737305
v -0.0439453 -0.00610352 0.0651855
v -0.0283203 0.0273438 0.00170898
v -0.0356445 -0.0270996 0.0236816
v -0.0397949 -0.00708008 0.0236816
v -0.0375977 0.00146484 -0.0847168
v -0.0217285 -0.0253906 -0.0969238
v -0.0366211 -0.0253906 -0.0969238
v -0.0415039 -0.00708008 -0.0895996
v 0 -0.0134277 0.101807
v -0.043457 -0.00415039 0.101074
v -0.0415039 -0.0126953 0.100586
v 0 -0.0126953 0.0957031
v -0.041748 0.00634766 0.0251465
v -0.0410156 0.00634766 0.0407715
v -0.0405273 0.00634766 0.0739746
v -0.0385742 0.00512695 0.0981445
v -0.0354004 -0.013916 -0.101807
v -0.000488281 -0.0148926 -0.105469
v -0.000488281 -0.00219727 -0.101074
v -0.0351562 -0.00219727 -0.101074
v -0.000488281 -0.013916 -0.101807
v -0.0351562 -0.0148926 -0.106201
v -0.0349121 -0.0239258 -0.106201
v 0 0.00537109 0.0932617
v -0.0400391 -0.0236816 0.104248
v -0.0415039 -0.0134277 0.104248
v 0.0397949 0.00585938 -0.0432129
v 0.0427246 -0.00708008 -0.0637207
v 0.0375977 0.00146484 -0.0847168
v 0.0415039 -0.00708008 -0.0895996
v 0.0405273 0.00634766 0.0739746
v 0.0439453 -0.00610352 0.0651855
v 0.0410156 0.00634766 0.0407715
v 0.0444336 -0.00610352 0.0407715
v 0.0219727 -0.0236816 0.0737305
v 0.0219727 -0.0273438 0.0371094
v 0.0219727 -0.0273438 -0.0578613
v 0.0217285 -0.0253906 -0.0969238
v 0.0415039 -0.0126953 0.109131
v 0.0415039 -0.0134277 0.112793
v 0.0371094 -0.013916 -0.108398
v 0.0371094 -0.0148926 -0.112793
v 0.0368652 -0.00219727 -0.10791
v 0.0400391 -0.0236816 0.112793
v 0.0402832 -0.0236816 0.0737305
v 0.0385742 0.00512695 0.106689
v 0.043457 -0.00415039 0.109619
v 0 -0.00415039 0.0961914
v 0.0366211 -0.0239258 -0.112793
v 0.0366211 -0.0253906 -0.0969238
v 0.0283203 0.0249023 0.052002
v 0.041748 0.00634766 0.0251465
v 0.0397949 -0.00708008 0.0236816
v 0.0283203 0.026123 -0.0185547
v 0.0283203 0.0273438 0.00170898
v 0.0402832 -0.0273438 0.0371094
v 0.0402832 -0.0273438 -0.0578613
v 0.019043 0.00610352 -0.0463867
v 0.0356445 -0.0270996 0.0236816
v 0.0385742 -0.00708008 -0.0437012
v 0.0356445 -0.0270996 -0.0437012
v -0.0385742 -0.00708008 -0.0437012
v -0.0356445 -0.0270996 -0.0437012
v 0.036377 0.0124512 -0.0883789
v -0.0368652 0.00878906 -0.0883789
v -0.0395508 0.00561523 0.092041
v 0.0395508 0.00561523 0.092041
v 0.0388184 0.0117188 0.0883789
v -0.0388184 0.0153809 0.0883789
usemtl none
f 1 1 1 
f 1 1 1 
f 1 1 2 
f 1 1 1 
f 1 1 1 
f 1 1 1 
f 1 1 1 
f 1 1 1 
f 1 1 1 
f 1 1 1 
f 1 1 1 
f 1 1 1 
f 1 1 1 
f 1 1 1 
f 1 1 1 
f 1 1 1 
f 1 1 1 
f 1 1 1 
f 1 1 1 
f 1 1 1 
f 1 1 1 
f 1 1 1 
f 1 1 1 
f 1 1 1 
f 1 1 1 
f 1 1 1 
f 1 1 1 
f 1 1 1 
f 1 1 1 
f 1 1 1 
f 1 1 1 
f 1 1 1 
f 1 1 1 
f 1 1 1 
f 1 1 1 
f 1 1 1 
f 1 1 1 
f 1 1 1 
f 1 1 1 
f 1 1 1 
f 1 1 1 
f 1 1 1 
f 1 1 1 
f 1 1 1 
f 1 1 1 
f 1 1 1 
f 1 1 1 
f 1 1 1 
f 1 1 1 
f 1 1 1 
f 1 1 1 
f 1 1 1 
f 1 1 1 
f 1 1 1 
f 1 1 1 
f 1 1 1 
f 1 1 1 
f 1 1 1 
f 1 1 1 
f 1 1 1 
f 1 1 1 
f 1 1 1 
f 1 1 1 
f 1 1 1 
f 1 1 1 
f 1 1 1 
f 1 1 1 
f 1 1 1 
f 1 1 1 
f 1 1 1 
f 1 1 1 
f 1 1 1 
f 1 1 1 
f 1 1 1 
f 1 1 1 
f 1 1 1 
f 1 1 1 
f 1 1 1 
f 1 1 1 
f 1 1 1 
f 1 1 1 
f 1 1 1 
f 1 1 1 
f 1 1 1 
f 1 1 1 
f 1 1 1 
f 1 1 1 
f 1 1 1 
f 1 1 1 
f 1 1 1 
f 1 1 1 
f 1 1 1 
f 1 1 1 
f 1 1 1 
f 1 1 1 
f 1 1 1 
f 1 1 1 
f 1 1 1 
f 1 1 1 
f 1 1 1 
f 1 1 1 
f 1 1 1 
f 1 1 1 
f 1 1 1 
f 1 1 1 
f 1 1 1 
f 1 1 1 
f 1 1 1 
f 1 1 1 
f 1 1 1 
f 1 1 1 
f 1 1 1 
f 1 1 1 
f 1 1 1 
f 1 1 1 
f 1 1 1 
f 1 1 1 
f 1 1 1 
f 1 1 1 
f 1 1 1 
f 1 1 1 
f 1 1 1 
f 1 1 1 
f 1 1 1 
f 1 1 1 
f 1 1 1 
f 1 1 1 
f 1 1 1 
f 1 1 1 
