mtllib MODELPAGES.mtl
g CARMODEL_7_damaged
o CARMODEL_7_damaged
v -0.0302734 -0.0197754 -0.0908203
v -0.0319824 -0.0131836 -0.0905762
v -0.0324707 -0.0114746 -0.0854492
v -0.0319824 0.00146484 -0.0854492
v -0.0334473 0.00708008 -0.0351562
v -0.026123 0.0241699 -0.0131836
v -0.0251465 0.0227051 0.0419922
v -0.0334473 0.00585938 0.0559082
v -0.03125 0.00219727 0.0895996
v -0.0334473 -0.0100098 0.0900879
v -0.0334473 -0.0112305 0.0947266
v -0.0307617 -0.0187988 0.0913086
v -0.0327148 -0.0205078 0.0791016
v -0.0366211 -0.00732422 0.0712891
v -0.0366211 -0.00732422 0.052002
v -0.0314941 -0.0244141 0.0456543
v -0.0314941 -0.0246582 -0.0432129
v -0.0366211 -0.00756836 -0.0524902
v -0.0366211 -0.00732422 -0.0727539
v -0.0327148 -0.0217285 -0.0791016
v -0.0109863 -0.0197754 -0.0925293
v -0.0109863 -0.0131836 -0.0922852
v -0.0109863 -0.0114746 -0.0876465
v -0.0109863 0.00146484 -0.0874023
v -0.0200195 0.00756836 -0.0412598
v 0.0273438 -0.0244141 -0.00195312
v 0.0327148 -0.0217285 -0.0791016
v -0.0158691 0.00244141 0.0908203
v -0.0158691 -0.0100098 0.0922852
v -0.0158691 -0.0112305 0.097168
v -0.0158691 -0.0187988 0.0939941
v -0.026123 -0.0205078 0.0791016
v 0 0.0253906 -0.000732422
v 0 -0.0100098 0.09375
v -0.026123 -0.0244141 0.0456543
v -0.0258789 -0.0246582 -0.0432129
v 0.0332031 0.00390625 0.0852051
v -0.0332031 0.00390625 0.0852051
v -0.0258789 -0.0217285 -0.0791016
v 0.0134277 -0.0197754 -0.101807
v 0.0134277 -0.0131836 -0.101562
v 0.0134277 -0.0114746 -0.0969238
v 0.0134277 0.00146484 -0.0966797
v 0.0200195 0.00756836 -0.0412598
v 0.034668 0.00512695 -0.0012207
v 0.0366211 -0.00732422 -0.0727539
v 0.0170898 0.00244141 0.0976562
v 0.0170898 -0.0100098 0.0991211
v 0.0170898 -0.0112305 0.101807
v 0.0170898 -0.0187988 0.10083
v 0.026123 -0.0205078 0.0791016
v 0 -0.0187988 0.0949707
v 0 -0.0112305 0.0983887
v 0.026123 -0.0244141 0.0456543
v 0.0258789 -0.0246582 -0.0432129
v -0.0339355 0.00366211 -0.0708008
v 0.0339355 0.00366211 -0.0708008
v 0.0258789 -0.0217285 -0.0791016
v 0.0327148 -0.0197754 -0.100098
v 0.0344238 -0.0131836 -0.0998535
v 0.034668 -0.0114746 -0.0947266
v 0.0344238 0.00146484 -0.0947266
v 0.0334473 0.00708008 -0.0351562
v 0.0251465 0.0241699 -0.0131836
v 0.0253906 0.0227051 0.0419922
v 0.0334473 0.00585938 0.0559082
v 0.0322266 0.00219727 0.0966797
v 0.034668 -0.0100098 0.097168
v 0.0339355 -0.0112305 0.0993652
v 0.0319824 -0.0187988 0.0981445
v 0.0327148 -0.0205078 0.0791016
v 0.0366211 -0.00732422 0.0712891
v 0.0366211 -0.00732422 0.052002
v 0.0314941 -0.0244141 0.0456543
v 0.0314941 -0.0246582 -0.0432129
v 0.0366211 -0.00756836 -0.0524902
v -0.0273438 -0.0244141 -0.00195312
v -0.034668 0.00512695 -0.0012207
v -0.026123 0.0249023 0.010498
v 0.026123 0.0249023 0.010498
v -0.026123 0.0249023 -0.000732422
v 0.026123 0.0249023 -0.000732422
v -0.0231934 0.0317383 -0.000732422
v 0.0231934 0.0317383 -0.000732422
v -0.0231934 0.0317383 0.010498
v 0.0231934 0.0317383 0.010498
v 0.0334473 0.015625 -0.072998
v -0.0334473 0.0134277 -0.072998
v -0.032959 0.0112305 0.0847168
v 0.032959 0.0136719 0.0847168
v 0.017334 0.00634766 0.0610352
v -0.017334 0.00634766 0.0610352
v -0.0307617 -0.00756836 -0.000976562
v 0.0307617 -0.00756836 -0.000976562
v -0.0344238 -0.00756836 -0.0378418
v 0.0344238 -0.00756836 -0.0378418
v 0 0.00219727 -0.092041
v 0 0.00854492 -0.0441895
v 0 0.0246582 -0.0170898
v 0 0.00244141 0.0910645
v 0 0.0141602 0.0847168
v 0 0.0065918 0.0620117
v 0 0.0234375 0.0454102
v 0 0.0253906 0.010498
v 0 0.0317383 0.010498
v 0 0.0317383 -0.000732422
v -0.0166016 0.0119629 0.0847168
v 0.0166016 0.0141602 0.0847168
v 0 -0.0114746 -0.0925293
v 0 -0.0131836 -0.0974121
v 0 -0.0197754 -0.0976562
v -0.0256348 0.0239258 0.0239258
v 0.0268555 -0.0244141 0.0239258
v -0.0268555 -0.0244141 0.0239258
v 0.0258789 0.0239258 0.0239258
v 0.0341797 0.00537109 0.0239258
v -0.0341797 0.00537109 0.0239258
v 0.03125 -0.00732422 0.0239258
v 0 0.0249023 0.0239258
v -0.03125 -0.00732422 0.0239258
v 0.0356445 -0.00854492 0.0871582
v -0.0344238 -0.00854492 0.0800781
v -0.03125 -0.0197754 0.083252
v 0.0324707 -0.0197754 0.090332
v -0.0166016 0.0144043 -0.0734863
v 0 0.0151367 -0.0734863
v 0.0166016 0.0168457 -0.0734863
usemtl none
f 1 1 1 
f 1 1 1 
f 1 1 1 
f 1 1 1 
f 1 1 1 
f 19 54 85 
f 1 1 2 
f 19 54 85 
