mtllib MODELPAGES.mtl
g CARMODEL_6_damaged
o CARMODEL_6_damaged
v 0 -0.0163574 -0.0952148
v 0 -0.0109863 -0.0952148
v 0 -0.0100098 -0.0925293
v 0 0.0236816 -0.00805664
v 0 0.0195312 0.0527344
v 0 -0.0100098 0.0974121
v 0 0.0249023 0.00292969
v 0.0336914 0.00830078 -0.0297852
v 0.0256348 -0.000244141 -0.0930176
v 0.026123 0.00244141 -0.0942383
v 0.0270996 -0.0100098 -0.101074
v 0.0349121 0.00219727 -0.0939941
v 0.0368652 -0.0100098 -0.101562
v 0.0358887 -0.0107422 -0.104004
v 0.0358887 -0.0168457 -0.10376
v 0.0383301 0.00683594 -0.0266113
v 0.0415039 -0.00537109 -0.0783691
v 0.0378418 0.00537109 -0.064209
v 0.0424805 -0.00561523 -0.0559082
v 0.0424805 -0.00488281 -0.0270996
v 0.0332031 -0.0246582 -0.027832
v 0.0332031 -0.0249023 -0.0463867
v 0.029541 0.0214844 -0.0065918
v 0.0297852 0.0209961 0.0378418
v 0.03125 0.0180664 0.050293
v 0.0266113 0.0117188 0.0720215
v 0.0253906 -0.000976562 0.0983887
v 0.0390625 0.00610352 0.0361328
v 0.0380859 -0.00537109 0.0354004
v 0.029541 -0.0246582 0.0354004
v 0.0339355 -0.00146484 0.0976562
v 0.0432129 -0.00537109 0.0483398
v 0.0427246 -0.00537109 0.0688477
v 0.0334473 -0.0249023 0.0400391
v 0.0341797 0.0102539 0.0712891
v 0.0356445 -0.020752 0.0786133
v 0.0390625 0.00585938 0.0480957
v 0.0388184 0.00585938 0.0698242
v 0.0371094 -0.0168457 0.0932617
v 0.0383301 -0.0100098 0.0930176
v 0.0361328 -0.00952148 0.101074
v 0.0229492 -0.00927734 0.102051
v 0.0371094 -0.0102539 0.103516
v 0.0371094 -0.0168457 0.103271
v 0.0285645 0.0231934 0.00244141
v 0.0324707 -0.0231934 -0.0871582
v 0.026123 -0.0231934 -0.0871582
v 0.026123 -0.0249023 -0.0463867
v 0.026123 -0.0249023 0.0400391
v 0.026123 -0.020752 0.0786133
v 0.0227051 -0.0100098 0.104004
v 0.0222168 -0.0166016 0.104004
v 0.0300293 0.00512695 -0.064209
v 0.0388184 0.0065918 0.00219727
v 0.0351562 -0.00488281 0.00195312
v 0.0273438 -0.0246582 0.00170898
v 0.0297852 0.0151367 -0.064209
v 0.0405273 -0.00585938 0.0869141
v 0.0361328 -0.019043 0.0861816
v 0.0258789 0.00610352 0.0874023
v 0.0351562 0.00463867 0.0874023
v 0.0256348 0.0112305 0.0881348
v -0.0358887 -0.0168457 -0.0964355
v -0.0358887 -0.0107422 -0.0966797
v -0.0229492 -0.00927734 0.0959473
v 0 -0.00952148 0.0952148
v 0 -0.000488281 0.0917969
v -0.0253906 -0.000976562 0.0922852
v -0.0339355 -0.00146484 0.0915527
v -0.0361328 -0.00952148 0.0949707
v -0.0405273 -0.00585938 0.0869141
v -0.0361328 -0.019043 0.0861816
v -0.0371094 -0.0168457 0.0871582
v -0.0383301 -0.0100098 0.0869141
v -0.0351562 0.00463867 0.0874023
v -0.0388184 0.00585938 0.0698242
v -0.0427246 -0.00537109 0.0688477
v 0 0.010498 -0.034668
v 0 0.0168457 -0.0637207
v -0.0266113 0.0117188 0.0720215
v -0.0258789 0.00610352 0.0874023
v -0.0256348 0.0112305 0.0881348
v -0.0341797 0.0102539 0.0712891
v 0 0.0131836 0.0732422
v 0 0.0119629 0.0869141
v -0.0356445 -0.020752 0.0786133
v -0.0297852 0.0151367 -0.064209
v -0.0336914 0.00830078 -0.0297852
v -0.0300293 0.00512695 -0.064209
v -0.0268555 -0.000244141 -0.0856934
v -0.0270996 -0.0100098 -0.09375
v -0.0368652 -0.0100098 -0.0942383
v -0.026123 -0.0249023 0.0400391
v -0.026123 -0.020752 0.0786133
v -0.0361328 0.00219727 -0.0866699
v -0.0273438 0.00244141 -0.0869141
v -0.0415039 -0.00537109 -0.0783691
v -0.0324707 -0.0231934 -0.0871582
v -0.0285645 0.0231934 0.00244141
v -0.0388184 0.0065918 0.00219727
v -0.0390625 0.00610352 0.0361328
v -0.0297852 0.0209961 0.0378418
v -0.029541 0.0214844 -0.0065918
v -0.0383301 0.00683594 -0.0266113
v -0.0351562 -0.00488281 0.00195312
v -0.0380859 -0.00537109 0.0354004
v -0.0424805 -0.00488281 -0.0270996
v -0.0273438 -0.0246582 0.00170898
v -0.029541 -0.0246582 0.0354004
v -0.0332031 -0.0246582 -0.027832
v -0.0334473 -0.0249023 0.0400391
v -0.0432129 -0.00537109 0.0483398
v -0.0378418 0.00537109 -0.064209
v -0.0424805 -0.00561523 -0.0559082
v -0.026123 -0.0249023 -0.0463867
v -0.0332031 -0.0249023 -0.0463867
v 0 0.000244141 -0.0839844
v -0.0371094 -0.0102539 0.0974121
v -0.0227051 -0.0100098 0.0979004
v -0.0371094 -0.0168457 0.097168
v -0.0222168 -0.0166016 0.0979004
v 0 -0.0163574 0.0976562
v -0.0390625 0.00585938 0.0480957
v -0.03125 0.0180664 0.050293
v -0.026123 -0.0231934 -0.0871582
v 0 0.0231934 0.0383301
usemtl none
f 1 1 1 
f 1 1 1 
f 1 1 1 
f 1 1 1 
f 1 1 1 
f 1 1 1 
f 1 1 1 
f 1 1 1 
f 1 1 1 
f 1 1 1 
f 19 54 85 
f 1 1 2 
f 19 54 85 
f 1 1 1 
f 1 1 1 
f 1 1 1 
f 1 1 1 
f 1 1 1 
f 1 1 1 
f 1 1 1 
f 1 1 1 
f 1 1 1 
f 1 1 1 
f 1 1 1 
f 1 1 1 
f 1 1 1 
f 1 1 1 
f 1 1 1 
f 1 1 1 
f 1 1 1 
f 1 1 1 
f 1 1 1 
f 1 1 1 
f 1 1 1 
f 1 1 1 
f 1 1 1 
f 1 1 1 
f 1 1 1 
f 1 1 1 
f 1 1 1 
f 1 1 1 
f 19 54 85 
f 1 1 1 
f 19 54 85 
f 1 1 1 
f 1 1 1 
f 1 1 1 
f 1 1 1 
f 1 1 1 
f 1 1 1 
f 1 1 1 
f 1 1 1 
f 1 1 1 
f 1 1 1 
f 1 1 1 
f 1 1 1 
f 1 1 1 
f 1 1 1 
f 1 1 1 
f 1 1 1 
f 1 1 1 
f 1 1 1 
f 1 1 1 
f 1 1 1 
f 1 1 1 
f 1 1 1 
f 1 1 1 
f 1 1 1 
f 1 1 1 
f 19 54 85 
f 1 1 1 
f 19 54 85 
f 1 1 1 
f 1 1 1 
f 1 1 1 
f 1 1 1 
f 1 1 1 
f 1 1 1 
f 1 1 1 
f 1 1 1 
f 1 1 1 
f 1 1 1 
f 1 1 1 
f 1 1 1 
f 1 1 1 
f 1 1 1 
f 1 1 1 
f 1 1 1 
f 1 1 1 
f 1 1 1 
f 1 1 1 
f 1 1 1 
f 1 1 1 
f 1 1 1 
f 1 1 1 
f 1 1 1 
f 1 1 1 
f 19 54 85 
f 1 1 1 
f 19 54 85 
f 1 1 1 
f 1 1 1 
f 1 1 1 
f 1 1 1 
f 1 1 1 
f 1 1 1 
f 1 1 1 
f 1 1 1 
f 1 1 1 
f 1 1 1 
