mtllib MODELPAGES.mtl
g CARMODEL_8_damaged
o CARMODEL_8_damaged
v -0.0537109 -0.00830078 0.0559082
v -0.0517578 -0.00830078 0.0812988
v -0.0456543 -0.0251465 0.0949707
v -0.0463867 0.0107422 0.101807
v -0.0456543 0.0134277 0.0776367
v -0.0371094 0.0244141 0.0585938
v -0.036377 0.0288086 0.0419922
v -0.036377 0.0275879 -0.0239258
v -0.0490723 0.00512695 -0.0444336
v -0.0476074 0.0012207 -0.0898438
v -0.0461426 -0.00317383 -0.119629
v -0.0490723 -0.013916 -0.119141
v -0.0490723 -0.0153809 -0.121582
v -0.0490723 -0.0251465 -0.117188
v -0.0517578 -0.0285645 -0.111816
v -0.0517578 -0.00976562 -0.10791
v -0.0517578 -0.00976562 -0.0822754
v -0.0476074 -0.0307617 -0.0695801
v -0.041748 -0.0310059 -0.0441895
v -0.0476074 -0.0307617 0.0449219
v -0.050293 0.0065918 0.0441895
v 0 -0.0251465 -0.112549
v 0 -0.0153809 -0.116943
v 0 -0.013916 -0.114502
v 0 -0.00268555 -0.116211
v 0 0.0134277 -0.090332
v 0 0.00732422 -0.0541992
v 0 0.029541 -0.0290527
v 0 0.0310059 0.0419922
v 0 0.0266113 0.0603027
v 0 0.0161133 0.079834
v 0 0.0209961 0.0935059
v 0 0.00415039 0.109863
v 0 -0.00195312 0.112549
v 0 -0.00317383 0.117188
v 0 -0.015625 0.115234
v -0.0334473 -0.0307617 0.0449219
v -0.0334473 -0.0307617 -0.0695801
v -0.0334473 -0.0285645 -0.111816
v -0.0334473 -0.0251465 0.0949707
v -0.0454102 0.00561523 0.114014
v -0.0488281 -0.00195312 0.11499
v -0.0473633 -0.00317383 0.119141
v -0.0471191 -0.015625 0.117432
v -0.0466309 -0.00952148 -0.0429688
v -0.0505371 -0.00585938 0.108887
v -0.0456543 -0.0183105 0.114502
v -0.0471191 0.0102539 -0.0898438
v -0.0458984 0.0192871 0.100342
v -0.0380859 0.0153809 0.0776367
v -0.0339355 0.0183105 0.100342
v -0.0322266 0.00463867 0.11499
v -0.0258789 -0.00341797 -0.119629
v -0.0275879 0.0119629 -0.0900879
v -0.0292969 0.00537109 -0.0493164
v 0 0.000488281 -0.111328
v -0.0263672 0 -0.11499
v -0.0471191 -0.000976562 -0.110352
v 0.0471191 -0.000976562 -0.114014
v 0.0461426 -0.00317383 -0.123291
v 0.0263672 0 -0.119873
v 0.0275879 0.0151367 -0.0900879
v 0.0471191 0.0134277 -0.0898438
v 0.026123 -0.00341797 -0.123291
v 0.0490723 0.00512695 -0.0444336
v 0.0292969 0.00537109 -0.0493164
v 0.0490723 -0.013916 -0.122803
v 0.036377 0.0275879 -0.0239258
v 0.0380859 0.0153809 0.0776367
v 0.0339355 0.020752 0.100342
v 0.0456543 0.0134277 0.0776367
v 0.0458984 0.0192871 0.100342
v 0.0322266 0.00463867 0.121094
v 0.0454102 0.00561523 0.120117
v 0.0488281 -0.00195312 0.121094
v 0.0371094 0.0244141 0.0585938
v 0.0456543 -0.0195312 0.105957
v 0.0505371 -0.00585938 0.108887
v 0.0473633 -0.00317383 0.125244
v 0.0473633 -0.015625 0.123535
v 0.0463867 0.0107422 0.101807
v 0.0476074 0.0012207 -0.0898438
v 0.0537109 -0.00830078 0.0559082
v 0.0505371 0.0065918 0.0441895
v 0.0517578 -0.00830078 0.0812988
v 0.0336914 -0.0251465 0.0949707
v 0.0456543 -0.0251465 0.0949707
v 0.0476074 -0.0307617 0.0449219
v 0.0336914 -0.0307617 0.0449219
v 0.0336914 -0.0285645 -0.111816
v 0.0419922 -0.0310059 -0.0441895
v 0.0336914 -0.0307617 -0.0695801
v 0.0476074 -0.0307617 -0.0695801
v 0.0466309 -0.00952148 -0.0429688
v 0.0517578 -0.00976562 -0.0822754
v 0.0517578 -0.00976562 -0.10791
v 0.0517578 -0.0285645 -0.110596
v 0.0490723 -0.0251465 -0.12085
v 0.0490723 -0.0153809 -0.125244
v 0.036377 0.0288086 0.0419922
v 0.0539551 -0.00830078 0.0446777
v -0.0539551 -0.00830078 0.0446777
v -0.0432129 -0.0310059 0.0305176
v 0.0432129 -0.0310059 0.0305176
v 0.0490723 -0.0090332 0.0300293
v 0.0498047 0.00561523 0.0288086
v -0.0490723 -0.0090332 0.0300293
v -0.0498047 0.00561523 0.0288086
v 0 0.0307617 0.0288086
v 0.036377 0.0288086 0.0285645
v -0.036377 0.0288086 0.0285645
usemtl none
