mtllib MODELPAGES.mtl
g CARMODEL_0_low
o CARMODEL_0_low
v 0.0456543 -0.0268555 -0.0578613
v 0.0456543 -0.0256348 0.0461426
v 0.0456543 -0.0229492 0.13501
v 0.0456543 -0.0109863 0.136475
v 0.0456543 -0.00976562 0.130859
v 0.0456543 0.00585938 0.123779
v 0.0456543 0.00976562 0.0715332
v 0.0456543 0.0344238 0.0507812
v 0.0456543 0.0358887 0.00439453
v 0.0456543 0.0424805 0.00439453
v 0.0456543 0.0424805 -0.00805664
v 0.0456543 0.0358887 -0.00805664
v 0.0456543 0.0344238 -0.0292969
v 0.0456543 0.00976562 -0.0537109
v 0.0456543 0.00317383 -0.125488
v 0.0456543 -0.0109863 -0.125488
v 0.0456543 -0.0136719 -0.132568
v 0.0456543 -0.0217285 -0.132568
v -0.0441895 -0.0268555 -0.0578613
v -0.0441895 -0.0256348 0.0461426
v -0.0441895 -0.0229492 0.13501
v -0.0441895 -0.0109863 0.136475
v -0.0441895 -0.00976562 0.130859
v -0.0441895 0.00585938 0.123779
v -0.0441895 0.00976562 0.0715332
v -0.0441895 0.0344238 0.0507812
v -0.0441895 0.0358887 0.00439453
v -0.0441895 0.0424805 0.00439453
v -0.0441895 0.0424805 -0.00805664
v -0.0441895 0.0358887 -0.00805664
v -0.0441895 0.0344238 -0.0292969
v -0.0441895 0.00976562 -0.0537109
v -0.0441895 0.00317383 -0.125488
v -0.0441895 -0.0109863 -0.125488
v -0.0441895 -0.0136719 -0.132568
v -0.0441895 -0.0217285 -0.132568
usemtl none
f 36 18 1 19 
f 20 2 3 21 
f 19 1 2 20 
