mtllib MODELPAGES.mtl
g CARMODEL_0_damaged
o CARMODEL_0_damaged
v 0.000488281 -0.0246582 -0.12793
v 0.000488281 -0.0214844 0.112305
v -0.041748 -0.0285645 -0.0632324
v -0.0446777 -0.0078125 -0.0700684
v -0.0412598 0.0102539 -0.0617676
v -0.0319824 0.0310059 -0.0302734
v -0.0170898 0.0102539 -0.0654297
v -0.0205078 -0.0285645 -0.0632324
v -0.041748 -0.0285645 0.0476074
v -0.0205078 -0.0285645 0.0476074
v -0.046875 -0.0065918 0.0546875
v -0.0319824 0.029541 0.0478516
v -0.0205078 -0.0241699 0.0874023
v -0.041748 -0.0241699 0.0874023
v -0.0461426 -0.0065918 0.0788574
v -0.041748 -0.0285645 0.026123
v -0.0424805 -0.0078125 0.026123
v -0.0402832 0.0078125 -0.0959473
v -0.0202637 -0.0263672 -0.108643
v -0.041748 -0.0263672 -0.108643
v -0.0446777 -0.0078125 -0.100098
v 0.000488281 -0.0124512 0.116455
v -0.0439453 -0.00439453 0.112061
v -0.043457 -0.0114746 0.113037
v 0.000488281 -0.0114746 0.109375
v -0.0437012 0.0078125 0.0275879
v -0.0429688 0.0078125 0.0544434
v -0.0422363 0.00927734 0.0678711
v -0.0400391 0.00366211 0.110107
v -0.0412598 -0.0144043 -0.124268
v 0.000488281 -0.0153809 -0.12793
v 0.000488281 0.00341797 -0.120117
v -0.0407715 0.00341797 -0.12207
v 0.000488281 -0.0144043 -0.122314
v -0.0410156 -0.0153809 -0.129395
v -0.0407715 -0.0246582 -0.129395
v 0.000488281 0.00390625 0.106445
v -0.041748 -0.0214844 0.113037
v -0.043457 -0.0124512 0.117188
v 0.0412598 0.0102539 -0.0617676
v 0.0461426 -0.0078125 -0.0700684
v 0.0402832 0.0078125 -0.0959473
v 0.0446777 -0.0078125 -0.100098
v 0.0422363 0.00927734 0.0678711
v 0.0461426 -0.0065918 0.0788574
v 0.0429688 0.0078125 0.0544434
v 0.046875 -0.0065918 0.0546875
v 0.0205078 -0.0241699 0.0874023
v 0.0205078 -0.0285645 0.0476074
v 0.0205078 -0.0285645 -0.0632324
v 0.0202637 -0.0263672 -0.108643
v 0.043457 -0.0114746 0.118652
v 0.043457 -0.0124512 0.123047
v 0.0427246 -0.0144043 -0.130127
v 0.0424805 -0.0153809 -0.135254
v 0.0422363 0.00341797 -0.12793
v 0.041748 -0.0214844 0.118652
v 0.041748 -0.0241699 0.0874023
v 0.0400391 0.00366211 0.115967
v 0.0439453 -0.00439453 0.117676
v 0.000488281 -0.00439453 0.108398
v 0.0419922 -0.0246582 -0.135254
v 0.0432129 -0.0263672 -0.108643
v 0.0317383 0.029541 0.0478516
v 0.0437012 0.0078125 0.0275879
v 0.0424805 -0.0078125 0.026123
v 0.0317383 0.0310059 -0.0302734
v 0.041748 -0.0285645 0.0476074
v 0.0432129 -0.0285645 -0.0632324
v 0.0170898 0.0102539 -0.0654297
v 0.041748 -0.0285645 0.026123
v 0.0380859 -0.0078125 -0.046875
v 0.0458984 -0.0285645 -0.046875
v -0.0366211 -0.0078125 -0.046875
v -0.0422363 -0.0285645 -0.046875
v 0.0388184 0.0214844 -0.104492
v -0.0388184 0.0170898 -0.104492
v -0.0410156 0.00708008 0.103027
v 0.0410156 0.00708008 0.103027
v 0.0402832 0.0192871 0.0981445
v -0.0402832 0.0222168 0.0981445
v -0.0266113 0.0407715 -0.00292969
v -0.0319824 0.0319824 -0.00488281
v -0.0266113 0.0405273 0.00683594
v -0.0319824 0.0317383 0.00927734
v 0.0268555 0.0405273 0.00683594
v 0.0317383 0.0317383 0.00927734
v 0.0268555 0.0407715 -0.00292969
v 0.0317383 0.0319824 -0.00463867
usemtl none
f 1 1 1 
f 1 1 1 
f 1 1 1 
f 1 1 1 
f 1 1 1 
f 1 1 1 
f 1 1 1 
f 1 1 1 
f 1 1 1 
f 1 1 1 
f 1 1 1 
f 1 1 1 
f 1 1 1 
f 1 1 1 
f 1 1 1 
f 1 1 1 
f 1 1 1 
f 1 1 1 
f 1 1 1 
f 1 1 1 
f 1 1 1 
f 19 54 85 
f 1 1 2 
f 19 54 85 
f 1 1 1 
f 1 1 1 
f 1 1 1 
f 1 1 1 
f 1 1 1 
f 1 1 1 
f 1 1 1 
f 1 1 1 
f 1 1 1 
f 1 1 1 
f 1 1 1 
f 1 1 1 
f 1 1 1 
f 1 1 1 
f 1 1 1 
f 1 1 1 
f 1 1 1 
f 1 1 1 
f 1 1 1 
f 1 1 1 
f 1 1 1 
f 1 1 1 
f 1 1 1 
f 1 1 1 
f 1 1 1 
f 1 1 1 
f 1 1 1 
f 1 1 1 
f 19 54 85 
f 1 1 1 
f 19 54 85 
f 1 1 1 
f 1 1 1 
f 1 1 1 
f 1 1 1 
f 1 1 1 
f 1 1 1 
f 1 1 1 
f 1 1 1 
f 1 1 1 
f 1 1 1 
f 1 1 1 
f 1 1 1 
f 1 1 1 
f 1 1 1 
f 1 1 1 
f 1 1 1 
f 1 1 1 
f 1 1 1 
f 1 1 1 
f 1 1 1 
f 1 1 1 
f 1 1 1 
f 1 1 1 
f 1 1 1 
f 1 1 1 
f 19 54 85 
f 1 1 1 
f 19 54 85 
f 1 1 1 
f 1 1 1 
f 1 1 1 
f 1 1 1 
f 1 1 1 
f 1 1 1 
f 1 1 1 
f 1 1 1 
f 1 1 1 
f 1 1 1 
f 1 1 1 
f 1 1 1 
f 1 1 1 
f 1 1 1 
f 1 1 1 
f 1 1 1 
f 1 1 1 
f 1 1 1 
f 1 1 1 
f 1 1 1 
f 1 1 1 
f 1 1 1 
f 1 1 1 
f 1 1 1 
f 1 1 1 
f 19 54 85 
f 1 1 1 
f 19 54 85 
f 1 1 1 
f 1 1 1 
f 1 1 1 
f 1 1 1 
f 1 1 1 
f 1 1 1 
f 1 1 1 
f 1 1 1 
f 1 1 1 
f 1 1 1 
f 1 1 1 
f 1 1 1 
f 1 1 1 
f 1 1 1 
f 1 1 1 
f 1 1 1 
f 1 1 1 
f 1 1 1 
f 1 1 1 
f 1 1 1 
f 1 1 1 
f 1 1 1 
f 1 1 1 
f 1 1 1 
f 1 1 1 
f 19 54 85 
f 1 1 1 
f 19 54 85 
f 1 1 1 
