mtllib MODELPAGES.mtl
g CARMODEL_2_clean
o CARMODEL_2_clean
v -0.0170898 -0.0178223 0.118896
v 0.0166016 0.0310059 0.00952148
v 0.0170898 -0.0178223 0.118896
v 0.0283203 -0.0229492 0.0900879
v -0.0283203 -0.0229492 0.0900879
v 0.0446777 -0.0178223 0.118896
v 0.0446777 -0.0229492 0.0900879
v -0.0446777 -0.0178223 0.118896
v -0.0446777 -0.0229492 0.0900879
v -0.0170898 0.00585938 0.125244
v -0.0170898 0.0102539 0.105713
v 0.0170898 0.0102539 0.105713
v 0.0170898 0.00585938 0.125244
v -0.0170898 0.013916 0.0852051
v 0.0170898 0.013916 0.0852051
v -0.0446777 0.00463867 0.122559
v 0.0446777 0.00463867 0.122559
v 0.0422363 0.0124512 0.079834
v -0.0422363 0.0124512 0.079834
v 0.0458984 -0.0305176 0.00952148
v -0.0170898 -0.00244141 0.12915
v -0.0446777 -0.00244141 0.126221
v 0.0488281 -0.00585938 0.0839844
v 0.0446777 0.00878906 0.100098
v -0.0488281 -0.00585938 0.0839844
v -0.0446777 0.00878906 0.100098
v 0.0170898 -0.00244141 0.12915
v 0.0446777 -0.00244141 0.126221
v 0.0446777 -0.00341797 0.12793
v 0.0170898 -0.00341797 0.130615
v 0.0283203 -0.0256348 0.0498047
v 0.0170898 -0.0112305 0.130371
v 0.0446777 -0.0112305 0.127686
v -0.0170898 -0.00341797 0.130615
v -0.0170898 -0.0112305 0.130371
v -0.0446777 -0.00341797 0.12793
v -0.0446777 -0.0112305 0.127686
v 0.0178223 0.00317383 -0.114014
v 0.0178223 -0.00219727 -0.12793
v 0.046875 -0.00366211 -0.122314
v 0.046875 0.00195312 -0.108643
v 0.0170898 0.00927734 -0.0378418
v 0.0170898 0.00708008 -0.0773926
v 0.0446777 0.00585938 -0.0773926
v 0.0446777 0.00805664 -0.029541
v -0.0178223 0.00317383 -0.114014
v -0.0178223 -0.00219727 -0.12793
v -0.0170898 0.00927734 -0.0378418
v -0.0170898 0.00708008 -0.0773926
v -0.046875 -0.00366211 -0.122314
v -0.046875 0.00195312 -0.108643
v -0.0446777 0.00585938 -0.0773926
v -0.0446777 0.00805664 -0.029541
v 0.0283203 -0.0263672 -0.0991211
v 0.0283203 -0.0310059 -0.0581055
v 0.0488281 -0.00952148 -0.064209
v 0.0471191 -0.0090332 -0.09375
v -0.0283203 -0.0263672 -0.0991211
v -0.0471191 -0.0090332 -0.0947266
v -0.0488281 -0.00952148 -0.064209
v -0.0283203 -0.0310059 -0.0581055
v 0.0178223 -0.0273438 -0.122803
v 0.046875 -0.0273438 -0.116943
v -0.0446777 -0.0256348 0.0498047
v 0.0349121 0.0283203 0.00952148
v 0.0446777 -0.0256348 0.0498047
v -0.046875 -0.0273438 -0.116943
v -0.0180664 -0.0273438 -0.122559
v 0.0339355 0.0280762 -0.00830078
v 0.0446777 -0.0310059 -0.0581055
v 0.0466309 -0.0263672 -0.0991211
v -0.0446777 -0.0310059 -0.0581055
v -0.0471191 -0.0263672 -0.0991211
v -0.0349121 0.0283203 0.00952148
v 0.0178223 -0.0151367 -0.126709
v 0.046875 -0.0151367 -0.121094
v -0.0339355 0.0280762 -0.00830078
v 0.0178223 -0.0170898 -0.130615
v 0.046875 -0.0170898 -0.125244
v -0.0166016 0.0310059 0.00952148
v -0.0178223 -0.0151367 -0.126709
v -0.0178223 -0.0170898 -0.130615
v 0.0161133 0.0305176 -0.0109863
v -0.046875 -0.0151367 -0.121094
v -0.046875 -0.0170898 -0.125244
v 0.0500488 -0.0114746 -0.0297852
v -0.0500488 -0.0114746 -0.0297852
v 0.0446777 -0.0307617 -0.0297852
v -0.0446777 -0.0307617 -0.0297852
v -0.0458984 -0.0305176 0.00952148
v 0.0458984 0.00805664 0.00952148
v -0.0458984 0.00805664 0.00952148
v -0.0161133 0.0305176 -0.0109863
v 0.0446777 0.00805664 0.046875
v 0.0356445 0.0258789 0.0454102
v -0.0356445 0.0258789 0.0454102
v -0.0446777 0.00805664 0.046875
v 0.0500488 -0.0102539 0.00952148
v -0.0500488 -0.0102539 0.00952148
v 0.0488281 -0.00756836 0.0556641
v -0.0488281 -0.00756836 0.0556641
v -0.0283203 -0.0256348 0.0498047
v 0.0170898 0.0283203 0.0507812
v 0.0375977 0.020752 0.0600586
v 0.0170898 0.0227051 0.0654297
v -0.0375977 0.020752 0.0600586
v -0.0170898 0.0283203 0.0507812
v -0.0170898 0.0227051 0.0654297
v 0.0427246 0.00878906 0.101807
v -0.0437012 0.0090332 0.0993652
usemtl none
f 26 16 110 
f 110 19 26 
f 17 24 109 
f 24 18 109 
f 63 71 54 62 
f 58 73 67 68 
f 54 58 68 62 
f 89 72 70 88 
f 8 9 7 6 
f 90 20 66 64 
f 7 4 23 
f 5 9 25 
f 44 45 41 
f 51 53 52 
f 54 57 1 
f 59 58 1 
f 55 61 58 54 
f 70 55 56 
f 71 57 54 
f 61 72 60 
f 58 59 73 
f 5 102 31 4 
f 31 66 100 
f 31 100 1 
f 101 64 102 
f 5 25 1 
f 88 20 90 89 
