mtllib MODELPAGES.mtl
g CARMODEL_1_clean
o CARMODEL_1_clean
v -0.0437012 -0.0239258 0.125977
v -0.0446777 -0.0317383 0.0893555
v -0.0483398 -0.0129395 0.103027
v -0.0461426 -0.0144043 0.127441
v 0.000244141 -0.015625 0.132324
v 0.000244141 0.00366211 0.128418
v 0.0441895 0.0012207 0.123535
v 0.0461426 -0.0144043 0.127441
v -0.0441895 0.0012207 0.123535
v 0.0483398 -0.0129395 0.103027
v 0.0446777 -0.0317383 0.0893555
v 0.0437012 -0.0239258 0.125977
v 0.0354004 0.0283203 0.0197754
v 0 0.0324707 0.0197754
v 0.0354004 0.0246582 0.0598145
v 0 0.0283203 0.0598145
v -0.0354004 0.0283203 0.0197754
v -0.0354004 0.0246582 0.0598145
v 0.0266113 -0.0317383 0.0893555
v -0.043457 -0.0144043 0.135742
v -0.0410156 -0.0239258 0.134277
v 0.0410156 -0.0239258 0.134277
v 0.043457 -0.0144043 0.135742
v -0.0266113 -0.0317383 0.0893555
v -0.0449219 0.00634766 0.103271
v 0.0449219 0.00634766 0.103271
v 0.0437012 0.0112305 0.0827637
v 0.0495605 -0.00878906 0.0751953
v -0.0495605 -0.00878906 0.0751953
v -0.0439453 0.0112305 0.0827637
v -0.000488281 0.0100098 0.103027
v 0 0.0141602 0.0827637
v 0.0444336 0.00683594 0.103027
v -0.0446777 0.00683594 0.103027
v -0.0266113 -0.0324707 0.0432129
v -0.0495605 -0.00952148 0.050293
v 0.0495605 -0.00952148 0.050293
v 0.0266113 -0.0324707 0.0432129
v -0.045166 0.0102539 0.032959
v 0.045166 0.0102539 0.032959
v 0.0446777 -0.0324707 0.0432129
v -0.0446777 -0.0324707 0.0432129
v -0.0517578 -0.0119629 -0.00561523
v -0.045166 0.00878906 -0.00463867
v 0.045166 0.00878906 -0.00463867
v 0.0466309 -0.0317383 -0.00537109
v 0.0517578 -0.0119629 -0.00561523
v -0.0466309 -0.0317383 -0.00537109
v 0.045166 0.00732422 -0.0302734
v -0.045166 0.00732422 -0.0302734
v 0.0446777 0.00610352 -0.081543
v 0.0456543 -0.000244141 -0.12793
v 0.0458984 0.00561523 -0.081543
v -0.0446777 0.00610352 -0.081543
v -0.0458984 0.00561523 -0.081543
v -0.0456543 -0.000244141 -0.12793
v -0.0354004 0.0270996 -0.0107422
v 0.0354004 0.0270996 -0.0107422
v 0 0.03125 -0.0107422
v -0.0495605 -0.00952148 -0.0686035
v 0.0495605 -0.00952148 -0.0686035
v 0.0446777 -0.0310059 -0.0583496
v -0.0446777 -0.0310059 -0.0583496
v 0.0495605 -0.00976562 -0.0976562
v -0.0495605 -0.00976562 -0.0976562
v 0.0266113 -0.0300293 -0.104736
v 0.0266113 -0.0310059 -0.0583496
v -0.0266113 -0.0300293 -0.104736
v -0.0266113 -0.0310059 -0.0583496
v -0.0471191 -0.0163574 -0.12793
v -0.0446777 -0.0300293 -0.104736
v 0.0471191 -0.0163574 -0.12793
v 0.0446777 -0.0300293 -0.104736
v 0 -0.0163574 -0.135498
v 0 -0.0185547 -0.140625
v 0.0244141 -0.0185547 -0.134521
v 0.0244141 -0.0163574 -0.12793
v -0.0241699 -0.0163574 -0.12793
v -0.0241699 -0.0185547 -0.134521
v 0.0439453 -0.0273438 -0.133057
v 0.0471191 -0.0185547 -0.134521
v -0.0439453 -0.0273438 -0.133057
v -0.0471191 -0.0185547 -0.134521
v 0.0231934 -0.0273438 -0.133057
v 0 -0.0268555 -0.138916
v -0.0231934 -0.0273438 -0.133057
v 0 0.00878906 -0.0490723
v 0 0.0109863 -0.081543
v 0.0239258 0.00756836 -0.081543
v 0.0263672 0.00732422 -0.0454102
v 0 0.0065918 -0.134277
v -0.0239258 0.00756836 -0.081543
v -0.0263672 0.00732422 -0.0454102
v 0.020752 0.00341797 -0.126709
v 0 0.00195312 -0.135498
v 0.0239258 -0.000244141 -0.12793
v -0.0229492 0.00341797 -0.126709
v -0.0239258 -0.000244141 -0.12793
v 0.000244141 -0.0251465 0.13916
v 0.000732422 -0.015625 0.140625
usemtl none
f 24 19 99 
f 19 11 12 99 
f 2 24 99 1 
f 22 99 12 
f 21 1 99 
f 26 27 33 
f 7 26 33 
f 9 34 25 
f 30 25 34 
f 36 35 29 
f 29 35 24 
f 37 28 38 
f 19 38 28 
f 52 51 53 
f 49 53 51 
f 50 54 55 
f 55 54 56 
f 64 61 66 
f 67 66 61 
f 65 68 60 
f 60 68 69 
f 73 66 84 80 
f 71 82 86 68 
f 85 84 66 
f 85 68 86 
f 66 68 85 
f 66 67 69 68 
f 63 60 69 
f 36 42 35 
f 2 29 24 
f 65 71 68 
f 67 61 62 
f 37 38 41 
f 19 28 11 
f 64 66 73 
f 38 19 24 35 
f 46 67 62 
f 42 48 35 
f 69 48 63 
f 69 67 46 48 
f 41 38 46 
f 38 35 48 46 
