mtllib MODELPAGES.mtl
g CARMODEL_0_damaged
o CARMODEL_0_damaged
v -0.0153809 -0.0297852 0.115234
v 0.0153809 -0.0297852 0.125
v 0.0324707 -0.0317383 0.0883789
v -0.0324707 -0.0317383 0.0883789
v -0.0153809 -0.0183105 0.116699
v -0.0153809 -0.0166016 0.112793
v 0.0153809 -0.0166016 0.122559
v 0.0153809 -0.0183105 0.126465
v 0.0454102 -0.0119629 -0.0957031
v 0.0412598 -0.00708008 -0.112061
v 0.041748 -0.0185547 -0.112061
v 0.0151367 -0.0185547 -0.110352
v 0.0151367 -0.00463867 -0.110107
v -0.013916 -0.0185547 -0.120117
v -0.013916 0 -0.119873
v -0.0429688 -0.0185547 -0.114502
v -0.0424805 -0.00219727 -0.114502
v -0.0454102 -0.0119629 -0.0957031
v 0.0151367 -0.0288086 -0.114258
v -0.013916 -0.0288086 -0.126465
v -0.0197754 -0.0297852 -0.103516
v 0.0197754 -0.0297852 -0.103516
v 0.0209961 0.00561523 -0.0546875
v -0.0209961 0.00561523 -0.0546875
v -0.017334 0.00927734 -0.0864258
v 0.017334 0.0129395 -0.0864258
v 0.0322266 0.0349121 0.00195312
v -0.0322266 0.0349121 0.00195312
v -0.0322266 0.0270996 0.00195312
v 0.0322266 0.0270996 0.00195312
v 0.0322266 0.0349121 0.0161133
v -0.0322266 0.0349121 0.0161133
v 0.0322266 0.0270996 0.0161133
v -0.0322266 0.0270996 0.0161133
v -0.0405273 -0.0288086 -0.121094
v -0.013916 -0.0205078 -0.125977
v -0.0429688 -0.0205078 -0.12085
v 0.0415039 0.0146484 0.0961914
v 0.015625 0.010498 0.0712891
v 0.0415039 0.00805664 0.0637207
v -0.0415039 0.00317383 -0.0476074
v 0.0151367 0.0129395 0.0961914
v -0.0324707 0.0249023 -0.0205078
v -0.0112305 0.0246582 0.0541992
v -0.03125 0.0231934 0.0488281
v -0.015625 0.010498 0.0712891
v -0.0415039 0.00805664 0.0637207
v -0.0405273 -0.0166016 0.113037
v -0.0153809 0.00195312 0.107422
v -0.0405273 -0.0183105 0.116211
v -0.0371094 -0.0297852 0.117432
v -0.0405273 -0.0317383 0.0883789
v -0.0454102 -0.0134277 0.0754395
v 0.0454102 -0.0134277 0.0754395
v 0.0454102 -0.0134277 0.0517578
v 0.0324707 -0.034668 0.0439453
v -0.0454102 -0.0134277 0.0517578
v -0.0324707 -0.034668 0.0439453
v -0.0390625 -0.034668 0.0439453
v -0.0415039 0.0117188 -0.0864258
v -0.0390625 -0.0349121 -0.0588379
v -0.0197754 -0.0349121 -0.0585938
v -0.0454102 -0.0136719 -0.0703125
v -0.0419922 0.00268555 -0.0869141
v -0.0405273 -0.0297852 -0.103516
v 0.0151367 -0.0205078 -0.11377
v 0.0153809 0.00195312 0.117188
v 0.0390625 -0.034668 0.0439453
v 0.0285645 -0.0136719 -0.010498
v 0.0231934 -0.0349121 -0.0141602
v -0.0334473 -0.0136719 0.00146484
v -0.0280762 -0.0349121 -0.00195312
v -0.0395508 0.00366211 0.0957031
v 0.0197754 -0.0349121 -0.0585938
v 0.0415039 0.0153809 -0.0864258
v 0.0415039 0.00317383 -0.0476074
v 0.0454102 -0.0136719 -0.0703125
v 0.0368652 -0.0288086 -0.116211
v 0.0393066 -0.0205078 -0.114746
v 0.03125 0.0249023 -0.0205078
v 0.0112305 0.0246582 0.0541992
v 0.0429688 -0.0166016 0.11792
v 0.0419922 -0.0183105 0.123535
v 0.0395508 -0.0297852 0.122314
v 0.0405273 -0.0317383 0.0883789
v 0.0390625 -0.0349121 -0.0588379
v -0.0390625 0.0183105 0.0961914
v -0.0400391 -0.000732422 0.109131
v 0.0405273 -0.0297852 -0.103516
v -0.0427246 0.00195312 -0.00195312
v 0.0427246 0.00195312 -0.00195312
v 0.0322266 0.0231934 0.0488281
v 0.0410156 -0.000732422 0.111572
v -0.0151367 0.0153809 0.0961914
v 0.0419922 0.00366211 0.0957031
v 0.0419922 0.00268555 -0.0869141
usemtl none
f 1 1 1 
f 1 1 1 
f 1 1 1 
f 1 1 1 
f 1 1 1 
f 1 1 1 
f 1 1 1 
f 1 1 1 
f 1 1 1 
f 19 54 85 
f 1 1 2 
f 19 54 85 
usemtl page_76
vt 0.00195312 0.998047
vt 0.00195312 0.998047
vt 0.00195312 0.998047
vt 0.00195312 0.998047
f 1/1 69/2 66/3 80/4 
usemtl none
f 1 1 1 
f 1 1 1 
f 1 1 1 
f 1 1 1 
f 1 1 1 
f 1 1 1 
f 1 1 1 
f 1 1 1 
f 1 1 1 
f 1 1 1 
f 1 1 1 
f 1 1 1 
f 1 1 1 
f 1 1 1 
f 1 1 1 
f 1 1 1 
f 1 1 1 
f 1 1 1 
f 1 1 1 
f 1 1 1 
f 1 1 1 
f 1 1 1 
f 1 1 1 
f 1 1 1 
f 1 1 1 
f 19 54 85 
f 1 1 1 
f 19 54 85 
f 1 1 1 
f 1 1 1 
f 1 1 1 
f 1 1 1 
f 1 1 1 
f 1 1 1 
f 1 1 1 
f 1 1 1 
f 1 1 1 
f 1 1 1 
f 1 1 1 
f 1 1 1 
f 1 1 1 
f 1 1 1 
f 1 1 1 
f 1 1 1 
f 1 1 1 
f 1 1 1 
f 1 1 1 
f 1 1 1 
f 1 1 1 
f 1 1 1 
f 1 1 1 
f 1 1 1 
f 1 1 1 
f 19 54 85 
f 1 1 1 
f 19 54 85 
f 1 1 1 
f 1 1 1 
f 1 1 1 
f 1 1 1 
f 1 1 1 
f 1 1 1 
f 1 1 1 
f 1 1 1 
f 1 1 1 
f 1 1 1 
f 1 1 1 
f 1 1 1 
f 1 1 1 
f 1 1 1 
f 1 1 1 
f 1 1 1 
f 1 1 1 
f 1 1 1 
f 1 1 1 
f 1 1 1 
f 1 1 1 
f 1 1 1 
f 1 1 1 
f 1 1 1 
f 1 1 1 
f 19 54 85 
f 1 1 1 
f 19 54 85 
f 1 1 1 
f 1 1 1 
f 1 1 1 
f 1 1 1 
f 1 1 1 
f 1 1 1 
f 1 1 1 
f 1 1 1 
f 1 1 1 
f 1 1 1 
f 1 1 1 
f 1 1 1 
f 1 1 1 
f 1 1 1 
f 1 1 1 
f 1 1 1 
f 1 1 1 
f 1 1 1 
f 1 1 1 
f 1 1 1 
f 1 1 1 
f 1 1 1 
f 1 1 1 
f 1 1 1 
f 1 1 1 
f 19 54 85 
f 1 1 1 
f 19 54 85 
f 1 1 1 
f 1 1 1 
f 1 1 1 
f 1 1 1 
f 1 1 1 
f 1 1 1 
f 1 1 1 
f 1 1 1 
f 1 1 1 
f 1 1 1 
f 1 1 1 
f 1 1 1 
f 1 1 1 
f 1 1 1 
f 1 1 1 
f 1 1 1 
