mtllib MODELPAGES.mtl
g CARMODEL_0_low
o CARMODEL_0_low
v 0.0449219 -0.034668 -0.0598145
v 0.0449219 -0.0332031 0.0441895
v 0.0449219 -0.0307617 0.133057
v 0.0449219 -0.0187988 0.134521
v 0.0449219 -0.0175781 0.128906
v 0.0449219 -0.00170898 0.121826
v 0.0449219 0.00195312 0.0695801
v 0.0449219 0.0266113 0.0488281
v 0.0449219 0.0280762 0.00244141
v 0.0449219 0.034668 0.00244141
v 0.0449219 0.034668 -0.0100098
v 0.0449219 0.0280762 -0.0100098
v 0.0449219 0.0266113 -0.03125
v 0.0449219 0.00195312 -0.0556641
v 0.0449219 -0.00439453 -0.127441
v 0.0449219 -0.0187988 -0.127441
v 0.0449219 -0.0214844 -0.134521
v 0.0449219 -0.0292969 -0.134521
v -0.0449219 -0.034668 -0.0598145
v -0.0449219 -0.0332031 0.0441895
v -0.0449219 -0.0307617 0.133057
v -0.0449219 -0.0187988 0.134521
v -0.0449219 -0.0175781 0.128906
v -0.0449219 -0.00170898 0.121826
v -0.0449219 0.00195312 0.0695801
v -0.0449219 0.0266113 0.0488281
v -0.0449219 0.0280762 0.00244141
v -0.0449219 0.034668 0.00244141
v -0.0449219 0.034668 -0.0100098
v -0.0449219 0.0280762 -0.0100098
v -0.0449219 0.0266113 -0.03125
v -0.0449219 0.00195312 -0.0556641
v -0.0449219 -0.00439453 -0.127441
v -0.0449219 -0.0187988 -0.127441
v -0.0449219 -0.0214844 -0.134521
v -0.0449219 -0.0292969 -0.134521
usemtl none
f 36 18 1 19 
f 20 2 3 21 
f 19 1 2 20 
