mtllib MODELPAGES.mtl
g CARMODEL_0_clean
o CARMODEL_0_clean
v -0.0153809 -0.0297852 0.137939
v 0.0153809 -0.0297852 0.137939
v 0.0322266 -0.0317383 0.0866699
v -0.0324707 -0.0317383 0.0866699
v -0.0153809 -0.0183105 0.13916
v -0.0153809 -0.0166016 0.133057
v 0.0153809 -0.0166016 0.133057
v 0.0153809 -0.0183105 0.13916
v 0.0454102 -0.0119629 -0.0974121
v 0.0424805 -0.00219727 -0.127441
v 0.0429688 -0.0185547 -0.127441
v 0.013916 -0.0185547 -0.132812
v 0.013916 0 -0.132812
v -0.0141602 -0.0185547 -0.132812
v -0.0141602 0 -0.132812
v -0.0429688 -0.0185547 -0.127441
v -0.0427246 -0.00219727 -0.127441
v -0.0454102 -0.0119629 -0.0974121
v 0.013916 -0.0288086 -0.13916
v -0.0141602 -0.0288086 -0.13916
v -0.0197754 -0.0297852 -0.105469
v 0.0197754 -0.0297852 -0.105469
v 0.0209961 0.00561523 -0.0566406
v -0.0209961 0.00561523 -0.0566406
v -0.0175781 0.00561523 -0.0883789
v 0.017334 0.00561523 -0.0883789
v 0.0322266 0.0349121 0
v -0.0322266 0.0349121 0
v -0.0322266 0.0270996 0
v 0.0322266 0.0270996 0
v 0.0322266 0.0349121 0.0144043
v -0.0322266 0.0349121 0.0144043
v 0.0322266 0.0270996 0.0144043
v -0.0322266 0.0270996 0.0144043
v -0.0405273 -0.0288086 -0.134033
v -0.0141602 -0.0205078 -0.138916
v -0.0429688 -0.0205078 -0.133545
v 0.0415039 0.00488281 0.0942383
v 0.015625 0.010498 0.0695801
v 0.0415039 0.00805664 0.0620117
v -0.041748 0.00317383 -0.0495605
v 0.0151367 0.00805664 0.0942383
v -0.0324707 0.0249023 -0.0224609
v -0.0112305 0.0246582 0.0522461
v -0.03125 0.0231934 0.0471191
v -0.015625 0.010498 0.0695801
v -0.041748 0.00805664 0.0620117
v -0.0429688 -0.0166016 0.125977
v -0.0153809 0.00195312 0.127686
v -0.0429688 -0.0183105 0.131348
v -0.0397949 -0.0297852 0.130127
v -0.0405273 -0.0317383 0.0866699
v -0.0454102 -0.0134277 0.0737305
v 0.0454102 -0.0134277 0.0737305
v 0.0454102 -0.0134277 0.0500488
v 0.0322266 -0.034668 0.0419922
v -0.0454102 -0.0134277 0.0500488
v -0.0324707 -0.034668 0.0419922
v -0.0393066 -0.034668 0.0419922
v -0.041748 0.00317383 -0.0883789
v -0.0393066 -0.0349121 -0.060791
v -0.0197754 -0.0349121 -0.0605469
v -0.0454102 -0.0136719 -0.0722656
v -0.0422363 0.00268555 -0.088623
v -0.0405273 -0.0297852 -0.105225
v 0.013916 -0.0205078 -0.138916
v 0.0153809 0.00195312 0.127686
v 0.0390625 -0.034668 0.0419922
v 0.0456543 -0.0136719 -0.00732422
v 0.0402832 -0.0349121 -0.0109863
v -0.0456543 -0.0136719 -0.00732422
v -0.0405273 -0.0349121 -0.0109863
v -0.0422363 0.00366211 0.0939941
v 0.0197754 -0.0349121 -0.0605469
v 0.0415039 0.00317383 -0.0883789
v 0.0415039 0.00317383 -0.0495605
v 0.0454102 -0.0136719 -0.0722656
v 0.0402832 -0.0288086 -0.134033
v 0.0429688 -0.0205078 -0.133545
v 0.0310059 0.0249023 -0.0224609
v 0.0112305 0.0246582 0.0522461
v 0.0429688 -0.0166016 0.125977
v 0.0419922 -0.0183105 0.131348
v 0.0395508 -0.0297852 0.130127
v 0.0402832 -0.0317383 0.0866699
v 0.0390625 -0.0349121 -0.060791
v -0.041748 0.00488281 0.0942383
v -0.0427246 -0.000732422 0.119629
v 0.0402832 -0.0297852 -0.105225
v -0.0429688 0.00195312 -0.00390625
v 0.0427246 0.00195312 -0.00390625
v 0.0319824 0.0231934 0.0471191
v 0.0410156 -0.000732422 0.119629
v -0.0151367 0.00805664 0.0942383
v 0.0419922 0.00366211 0.0939941
v 0.0419922 0.00268555 -0.088623
usemtl none
f 3 2 1 4 
f 21 20 19 22 
f 21 35 20 
f 4 51 52 
f 4 52 53 
f 54 3 1 
f 58 57 59 
f 62 61 63 
f 21 18 65 
f 59 72 62 58 
f 78 22 19 
f 57 58 1 
f 85 3 54 
f 77 74 1 
f 55 56 68 
f 86 74 77 
f 9 22 89 
f 18 21 1 
f 21 22 74 62 
f 4 58 56 3 
f 88 87 73 
f 17 64 60 
f 95 38 93 
f 96 75 76 
f 40 38 95 
f 10 75 96 
f 61 62 72 
f 74 86 70 
f 56 74 70 68 
f 84 3 85 
f 73 87 47 
f 41 60 64 
f 35 21 65 
f 22 78 89 
f 51 4 1 
f 3 84 2 
f 74 56 58 62 
