mtllib MODELPAGES.mtl
g CARMODEL_1_damaged
o CARMODEL_1_damaged
v -0.0375977 -0.0239258 0.11792
v -0.0446777 -0.0317383 0.0913086
v -0.0422363 -0.0129395 0.100098
v -0.0400391 -0.0144043 0.119629
v 0.000244141 -0.015625 0.118408
v 0.000244141 0.00366211 0.112061
v 0.0441895 0.0012207 0.120605
v 0.0461426 -0.0144043 0.124512
v -0.0380859 0.0012207 0.113281
v 0.0483398 -0.0129395 0.10498
v 0.0446777 -0.0317383 0.0913086
v 0.0437012 -0.0239258 0.122803
v 0.0354004 0.0283203 0.0214844
v 0 0.0324707 0.0214844
v 0.0354004 0.0246582 0.0617676
v 0 0.0283203 0.0617676
v -0.0354004 0.0283203 0.0214844
v -0.0354004 0.0246582 0.0617676
v 0.0266113 -0.0317383 0.0913086
v -0.0373535 -0.0144043 0.121826
v -0.0349121 -0.0239258 0.120117
v 0.0410156 -0.0239258 0.131104
v 0.043457 -0.0144043 0.132812
v -0.0266113 -0.0317383 0.0913086
v -0.0388184 0.00634766 0.100098
v 0.0449219 0.00634766 0.10498
v 0.0437012 0.0112305 0.0844727
v 0.0495605 -0.00878906 0.0771484
v -0.0495605 -0.00878906 0.0771484
v -0.0439453 0.0112305 0.0844727
v -0.000488281 0.017334 0.100098
v 0 0.0141602 0.0844727
v 0.0444336 0.0161133 0.10498
v -0.0385742 0.0178223 0.100098
v -0.0266113 -0.0324707 0.045166
v -0.0495605 -0.00952148 0.0522461
v 0.0495605 -0.00952148 0.0522461
v 0.0266113 -0.0324707 0.045166
v -0.045166 0.0102539 0.034668
v 0.045166 0.0102539 0.034668
v 0.0446777 -0.0324707 0.045166
v -0.0446777 -0.0324707 0.045166
v -0.0380859 -0.0119629 -0.00366211
v -0.0466309 0.00878906 -0.00292969
v 0.0429688 0.00878906 -0.00292969
v 0.0307617 -0.0317383 -0.00341797
v 0.0344238 -0.0119629 -0.00366211
v -0.0344238 -0.0317383 -0.00341797
v 0.045166 0.00732422 -0.0285645
v -0.045166 0.00732422 -0.0285645
v 0.0446777 0.0134277 -0.0893555
v 0.0444336 -0.000244141 -0.117676
v 0.0458984 0.00561523 -0.0895996
v -0.0446777 0.0195312 -0.0771484
v -0.0458984 0.00561523 -0.079834
v -0.0334473 -0.000244141 -0.109131
v -0.0354004 0.0270996 -0.00878906
v 0.0354004 0.0270996 -0.00878906
v 0 0.03125 -0.00878906
v -0.0495605 -0.00952148 -0.0666504
v 0.0495605 -0.00952148 -0.0666504
v 0.0446777 -0.0310059 -0.0566406
v -0.0446777 -0.0310059 -0.0566406
v 0.0495605 -0.00976562 -0.0957031
v -0.0446777 -0.00976562 -0.0957031
v 0.0266113 -0.0300293 -0.103027
v 0.0266113 -0.0310059 -0.0566406
v -0.0266113 -0.0300293 -0.103027
v -0.0266113 -0.0310059 -0.0566406
v -0.0349121 -0.0163574 -0.109131
v -0.0397949 -0.0300293 -0.103027
v 0.0458984 -0.0163574 -0.117676
v 0.0446777 -0.0300293 -0.103027
v 0 -0.0163574 -0.127686
v 0 -0.0185547 -0.132812
v 0.0244141 -0.0185547 -0.12915
v 0.0244141 -0.0163574 -0.122559
v -0.0192871 -0.0163574 -0.114014
v -0.0192871 -0.0185547 -0.118164
v 0.0427246 -0.0273438 -0.122559
v 0.0458984 -0.0185547 -0.124268
v -0.0292969 -0.0273438 -0.111572
v -0.0324707 -0.0185547 -0.113281
v 0.0231934 -0.0273438 -0.127441
v 0 -0.0268555 -0.130859
v -0.0183105 -0.0273438 -0.116455
v 0 0.00878906 -0.0471191
v 0 0.0170898 -0.0820312
v 0.0239258 0.0148926 -0.0869141
v 0.0263672 0.00732422 -0.043457
v 0 0.0065918 -0.126221
v -0.0239258 0.017334 -0.0795898
v -0.0263672 0.00732422 -0.043457
v 0.020752 0.00341797 -0.121094
v 0 0.00195312 -0.127686
v 0.0239258 -0.000244141 -0.122559
v -0.0180664 0.00341797 -0.112549
v -0.019043 -0.000244141 -0.114014
v 0.000244141 -0.0251465 0.125
v 0.000732422 -0.015625 0.126709
usemtl none
f 68 1 1 
f 15 88 1 
