mtllib MODELPAGES.mtl
g CARMODEL_1_damaged
o CARMODEL_1_damaged
v 0 -0.0249023 -0.11499
v 0 -0.0246582 0.111328
v -0.0429688 -0.0285645 -0.0583496
v 0 0.00830078 -0.0478516
v -0.0456543 -0.00708008 -0.0644531
v -0.0302734 0.0285645 0.0959473
v -0.0424805 0.00708008 -0.0424805
v -0.0302734 0.0285645 -0.0161133
v -0.0234375 -0.0285645 -0.0583496
v -0.0302734 0.0285645 0.0478516
v -0.0429688 -0.0285645 0.0380859
v -0.0234375 -0.0285645 0.0380859
v -0.0476074 -0.00585938 0.0473633
v -0.0302734 0.0285645 0.0827637
v -0.0234375 -0.0246582 0.0825195
v -0.0429688 -0.0246582 0.0825195
v -0.046875 -0.00585938 0.0734863
v -0.0302734 0.0285645 0.0263672
v -0.0385742 -0.0285645 0.0212402
v -0.0429688 -0.00683594 0.0212402
v 0 0.0119629 -0.0883789
v -0.0402832 0.00146484 -0.0922852
v -0.0231934 -0.0266113 -0.100098
v -0.0390625 -0.0266113 -0.100098
v -0.0441895 -0.00708008 -0.0922852
v 0 -0.013916 0.111328
v -0.0444336 -0.0129395 0.110107
v 0 -0.0129395 0.104736
v -0.0446777 0.00732422 0.0224609
v -0.0432129 0.00732422 0.0827637
v -0.0412598 0.00878906 0.107422
v -0.0371094 -0.0141602 -0.113037
v 0 -0.0153809 -0.11499
v 0 -0.00170898 -0.110352
v -0.0368652 -0.00170898 -0.112305
v 0 -0.0141602 -0.111084
v -0.0383301 -0.0153809 -0.11792
v -0.0373535 -0.0249023 -0.11792
v 0 0.00878906 0.107178
v -0.0441895 -0.0246582 0.114014
v -0.0458984 -0.013916 0.114014
v 0.0424805 0.00708008 -0.0424805
v 0.0456543 -0.00708008 -0.0644531
v 0.0402832 0.00146484 -0.0922852
v 0.0441895 -0.00708008 -0.0922852
v 0.0432129 0.00732422 0.0827637
v 0.046875 -0.00585938 0.0734863
v 0.0476074 -0.00585938 0.0473633
v 0.0234375 -0.0246582 0.0825195
v 0.0234375 -0.0285645 0.0380859
v 0.0234375 -0.0285645 -0.0583496
v 0.0231934 -0.0266113 -0.100098
v 0.0419922 -0.0129395 0.115234
v 0.0432129 -0.013916 0.119141
v 0.0385742 -0.0141602 -0.114502
v 0.0395508 -0.0153809 -0.119141
v 0.0380859 -0.00170898 -0.11377
v 0.041748 -0.0246582 0.119141
v 0.0429688 -0.0246582 0.0825195
v 0.0385742 0.00878906 0.112549
v 0.0275879 0.0285645 0.101318
v 0.0385742 -0.0249023 -0.119141
v 0.0390625 -0.0266113 -0.100098
v 0.0302734 0.0285645 0.0827637
v 0.0446777 0.00732422 0.0224609
v 0.0429688 -0.00683594 0.0212402
v 0.0302734 0.0285645 -0.0161133
v 0.0302734 0.0285645 0.0263672
v 0.0302734 0.0285645 0.0478516
v 0.0429688 -0.0285645 0.0380859
v 0.0429688 -0.0285645 -0.0583496
v 0.0385742 -0.0285645 0.0212402
v 0.0441895 0.00732422 0.0473633
v -0.0441895 0.00732422 0.0473633
v 0.041748 -0.00683594 -0.0439453
v 0.0385742 -0.0285645 -0.0439453
v -0.041748 -0.00683594 -0.0439453
v -0.0385742 -0.0285645 -0.0439453
v 0.0402832 0.0107422 -0.0883789
v -0.0400391 0.0134277 -0.0883789
usemtl none
f 1 1 2 
f 1 1 1 
f 1 1 1 
f 1 1 1 
f 1 1 1 
f 1 1 1 
f 1 1 1 
f 1 1 1 
f 1 1 1 
f 1 1 1 
f 1 1 1 
f 1 1 1 
f 1 1 1 
f 1 1 1 
f 1 1 1 
f 1 1 1 
f 1 1 1 
f 1 1 1 
f 1 1 1 
f 1 1 1 
f 1 1 1 
f 1 1 1 
f 1 1 1 
f 1 1 1 
f 1 1 1 
f 1 1 1 
f 1 1 1 
f 1 1 1 
f 1 1 1 
f 1 1 1 
f 1 1 1 
f 1 1 1 
f 1 1 1 
f 1 1 1 
f 1 1 1 
f 1 1 1 
f 1 1 1 
f 1 1 1 
f 1 1 1 
f 1 1 1 
f 1 1 1 
f 1 1 1 
f 1 1 1 
f 1 1 1 
f 1 1 1 
f 1 1 1 
f 1 1 1 
f 1 1 1 
f 1 1 1 
f 1 1 1 
f 1 1 1 
f 1 1 1 
f 1 1 1 
f 1 1 1 
f 1 1 1 
f 1 1 1 
f 1 1 1 
f 1 1 1 
f 1 1 1 
f 1 1 1 
f 1 1 1 
f 1 1 1 
f 1 1 1 
f 1 1 1 
f 1 1 1 
f 1 1 1 
f 1 1 1 
f 1 1 1 
f 1 1 1 
f 1 1 1 
f 1 1 1 
f 1 1 1 
f 1 1 1 
f 1 1 1 
f 1 1 1 
f 1 1 1 
f 1 1 1 
f 1 1 1 
f 1 1 1 
f 1 1 1 
f 1 1 1 
f 1 1 1 
f 1 1 1 
f 1 1 1 
f 1 1 1 
f 1 1 1 
f 1 1 1 
f 1 1 1 
f 1 1 1 
f 1 1 1 
f 1 1 1 
f 1 1 1 
f 1 1 1 
f 1 1 1 
f 1 1 1 
f 1 1 1 
f 1 1 1 
f 1 1 1 
f 1 1 1 
f 1 1 1 
f 1 1 1 
f 1 1 1 
f 1 1 1 
f 1 1 1 
f 1 1 1 
f 1 1 1 
f 1 1 1 
f 1 1 1 
f 1 1 1 
f 1 1 1 
f 1 1 1 
f 1 1 1 
f 1 1 1 
f 1 1 1 
f 1 1 1 
f 1 1 1 
f 1 1 1 
f 1 1 1 
f 1 1 1 
f 1 1 1 
f 1 1 1 
f 1 1 1 
f 1 1 1 
f 1 1 1 
f 1 1 1 
f 1 1 1 
f 1 1 1 
f 1 1 1 
