mtllib MODELPAGES.mtl
g CARMODEL_0_low
o CARMODEL_0_low
v 0.0437012 -0.0227051 -0.0581055
v 0.0437012 -0.0212402 0.0429688
v 0.0437012 -0.0187988 0.12915
v 0.0437012 -0.00732422 0.130615
v 0.0437012 -0.00610352 0.125244
v 0.0437012 0.0090332 0.118164
v 0.0437012 0.0129395 0.067627
v 0.0437012 0.0368652 0.0473633
v 0.0437012 0.0380859 0.00219727
v 0.0437012 0.0446777 0.00219727
v 0.0437012 0.0446777 -0.00976562
v 0.0437012 0.0380859 -0.00976562
v 0.0437012 0.0368652 -0.0302734
v 0.0437012 0.0129395 -0.0539551
v 0.0437012 0.0065918 -0.123779
v 0.0437012 -0.00732422 -0.123779
v 0.0437012 -0.00976562 -0.130615
v 0.0437012 -0.0175781 -0.130615
v -0.0437012 -0.0227051 -0.0581055
v -0.0437012 -0.0212402 0.0429688
v -0.0437012 -0.0187988 0.12915
v -0.0437012 -0.00732422 0.130615
v -0.0437012 -0.00610352 0.125244
v -0.0437012 0.0090332 0.118164
v -0.0437012 0.0129395 0.067627
v -0.0437012 0.0368652 0.0473633
v -0.0437012 0.0380859 0.00219727
v -0.0437012 0.0446777 0.00219727
v -0.0437012 0.0446777 -0.00976562
v -0.0437012 0.0380859 -0.00976562
v -0.0437012 0.0368652 -0.0302734
v -0.0437012 0.0129395 -0.0539551
v -0.0437012 0.0065918 -0.123779
v -0.0437012 -0.00732422 -0.123779
v -0.0437012 -0.00976562 -0.130615
v -0.0437012 -0.0175781 -0.130615
usemtl none
f 19 1 1 1 
f 21 1 1 1 
f 20 1 1 1 
