mtllib MODELPAGES.mtl
g CARMODEL_7_damaged
o CARMODEL_7_damaged
v -0.0402832 -0.0244141 -0.103027
v -0.0402832 -0.020752 0.101562
v 0 0.00927734 -0.101318
v -0.0422363 0.00830078 -0.102539
v 0 0.0390625 0.00805664
v -0.0341797 0.0378418 0.00805664
v -0.0439453 0.0131836 0.0107422
v 0 0.0131836 0.0986328
v -0.0439453 0.0131836 0.0961914
v 0 0.0378418 -0.0336914
v 0 0.0131836 -0.0512695
v -0.0341797 0.0366211 -0.0288086
v -0.0439453 0.0131836 -0.0463867
v -0.0373535 0.0131836 0.0107422
v -0.0195312 0.0131836 0.0974121
v -0.0195312 0.0131836 -0.0500488
v -0.0195312 0.00878906 -0.104248
v -0.0195312 -0.0268555 -0.0549316
v -0.0402832 -0.0268555 -0.0549316
v -0.0354004 -0.0256348 0.0119629
v -0.0195312 -0.0244141 0.0546875
v -0.0402832 -0.0244141 0.0546875
v -0.0195312 -0.0219727 0.0925293
v -0.0402832 -0.0219727 0.0925293
v -0.0195312 -0.0244141 -0.098877
v -0.0402832 -0.0244141 -0.098877
v -0.0432129 0.0112305 -0.078125
v -0.0195312 0.0214844 -0.0800781
v 0 0.0219727 -0.0800781
v -0.0463867 -0.00512695 -0.0942383
v -0.0463867 -0.00463867 -0.0612793
v -0.0446777 0.0131836 0.0578613
v -0.0446777 0.0131836 0.0852051
v -0.0476074 -0.00488281 0.0888672
v -0.0480957 -0.00512695 0.0578613
v -0.0410156 -0.00512695 0.0119629
v -0.0419922 -0.00488281 -0.052002
v -0.0463867 -0.00561523 0.101562
v -0.0463867 -0.00512695 -0.10376
v -0.0195312 -0.00512695 -0.106201
v 0 -0.00488281 -0.102539
v -0.0195312 -0.00561523 0.102783
v 0 -0.00561523 0.104004
v -0.0449219 -0.0117188 0.101562
v 0 -0.0124512 0.104004
v -0.0195312 -0.0124512 0.102783
v -0.0195312 -0.020752 0.110107
v -0.0195312 -0.0131836 0.110107
v -0.0439453 -0.0131836 0.108887
v -0.0412598 -0.0205078 0.108887
v -0.0432129 -0.0146484 -0.104736
v -0.0195312 -0.0146484 -0.104736
v 0 -0.0148926 -0.101074
v 0 -0.0148926 -0.108154
v 0 -0.0244141 -0.106689
v -0.0195312 -0.0146484 -0.111328
v -0.0195312 -0.0244141 -0.109863
v -0.0427246 -0.0244141 -0.108643
v -0.0446777 -0.0146484 -0.110107
v -0.0378418 0.0131836 0.0925293
v -0.0388184 0.0131836 0.0852051
v -0.0388184 0.0131836 0.0578613
v 0 0.0131836 0.0939941
v -0.0378418 -0.00610352 0.0961914
v 0 -0.00610352 0.0976562
v -0.0351562 -0.00610352 0.015625
v -0.0388184 -0.00610352 0.0883789
v -0.0388184 -0.00610352 0.0576172
v 0.0402832 -0.0219727 0.0925293
v 0.0402832 -0.020752 0.107666
v 0.0195312 -0.0219727 0.0925293
v 0.0354004 -0.0256348 0.0119629
v 0.0402832 -0.0244141 0.0546875
v 0.0195312 -0.0244141 0.0546875
v 0.0402832 -0.0268555 -0.0549316
v 0.0195312 -0.0268555 -0.0549316
v 0.0412598 -0.0205078 0.11499
v 0.0195312 -0.020752 0.11377
v 0 -0.020752 0.107666
v 0.0195312 -0.0244141 -0.098877
v 0.0195312 -0.0244141 -0.113525
v 0.0402832 -0.0244141 -0.109131
v 0.0402832 -0.0244141 -0.098877
v 0.0427246 -0.0244141 -0.114746
v 0.0195312 -0.0146484 -0.11499
v 0.0195312 -0.0146484 -0.11084
v 0.0432129 -0.0146484 -0.11084
v 0.0446777 -0.0146484 -0.11377
v 0.0439453 -0.0131836 0.11499
v 0.0449219 -0.0117188 0.107666
v 0.0195312 -0.0124512 0.108887
v 0.0195312 -0.0131836 0.11377
v 0.0439453 0.0131836 0.102295
v 0.0446777 0.0131836 0.0852051
v 0.0388184 0.0131836 0.0852051
v 0.0195312 0.0131836 0.103516
v 0.0439453 0.0131836 0.0107422
v 0.0373535 0.0131836 0.0107422
v 0.0388184 0.0131836 0.0578613
v 0.0446777 0.0131836 0.0578613
v 0.0388184 -0.00610352 0.0576172
v 0.0351562 -0.00610352 0.015625
v 0.0378418 -0.00610352 0.102295
v 0.0388184 -0.00610352 0.0883789
v 0.0378418 0.0131836 0.0986328
v 0.0195312 -0.00512695 -0.112305
v 0.0463867 -0.00512695 -0.109863
v 0 -0.0131836 0.107666
v 0.0195312 -0.00561523 0.108887
v 0.0463867 -0.00561523 0.107666
v 0.0476074 -0.00488281 0.0888672
v 0.0463867 -0.00512695 -0.0942383
v 0.0432129 0.0112305 -0.078125
v 0.0422363 0.00830078 -0.108643
v 0.0195312 0.00878906 -0.110352
v 0.0480957 -0.00512695 0.0578613
v 0.0410156 -0.00512695 0.0119629
v 0.0439453 0.0131836 -0.0463867
v 0.0419922 -0.00488281 -0.052002
v 0.0463867 -0.00463867 -0.0612793
v 0.0341797 0.0366211 -0.0288086
v 0.0341797 0.0378418 0.00805664
v 0.0195312 0.0131836 -0.0500488
v 0.0195312 0.0251465 -0.0800781
v 0.0424805 0.0241699 -0.0800781
v -0.0422363 0.0205078 -0.0800781
usemtl none
f 1 1 1 
f 1 1 1 
f 1 1 1 
f 1 1 1 
f 1 1 1 
f 1 1 1 
f 1 1 1 
f 1 1 1 
f 1 1 1 
f 1 1 1 
f 1 1 1 
f 1 1 1 
f 1 1 1 
f 1 1 1 
f 1 1 1 
f 1 1 1 
f 1 1 1 
f 19 54 85 
f 1 1 2 
f 19 54 85 
f 1 1 1 
f 77 84 1 
f 1 1 1 
f 1 1 1 
f 1 1 1 
f 1 1 1 
f 1 1 1 
f 1 1 1 
f 1 1 1 
f 1 1 1 
f 1 1 1 
f 1 1 1 
f 1 1 1 
f 1 1 1 
f 1 1 1 
f 1 1 1 
f 1 1 1 
f 1 1 1 
f 1 1 1 
f 1 1 1 
f 1 1 1 
f 1 1 1 
f 1 1 1 
f 1 1 1 
f 1 1 1 
f 1 1 1 
f 1 1 1 
f 1 1 1 
f 19 54 85 
f 1 1 1 
f 19 54 85 
f 1 1 1 
f 1 1 1 
f 1 1 1 
