mtllib MODELPAGES.mtl
g CARMODEL_0_damaged
o CARMODEL_0_damaged
v 0.000488281 -0.0192871 -0.122314
v 0.000488281 -0.0161133 0.118896
v -0.0419922 -0.0231934 -0.057373
v -0.0449219 -0.00244141 -0.064209
v -0.0415039 0.015625 -0.0559082
v -0.0319824 0.0366211 -0.0241699
v -0.017334 0.015625 -0.0595703
v -0.0205078 -0.0231934 -0.057373
v -0.0419922 -0.0231934 0.0539551
v -0.0205078 -0.0231934 0.0539551
v -0.0471191 -0.0012207 0.0610352
v -0.0319824 0.0351562 0.0541992
v -0.0205078 -0.019043 0.09375
v -0.0419922 -0.019043 0.09375
v -0.0463867 -0.0012207 0.0852051
v -0.0419922 -0.0231934 0.0324707
v -0.0427246 -0.00244141 0.0324707
v -0.0405273 0.0131836 -0.0900879
v -0.0205078 -0.0209961 -0.103027
v -0.0419922 -0.0209961 -0.103027
v -0.0449219 -0.00244141 -0.0944824
v 0.000488281 -0.00708008 0.123047
v -0.0439453 0.000732422 0.118652
v -0.0437012 -0.00610352 0.119629
v 0.000488281 -0.00610352 0.115967
v -0.0439453 0.0131836 0.0339355
v -0.0432129 0.0131836 0.060791
v -0.0422363 0.0146484 0.0742188
v -0.0400391 0.0090332 0.116699
v -0.0412598 -0.0090332 -0.118652
v 0.000488281 -0.0102539 -0.122314
v 0.000488281 0.00878906 -0.114258
v -0.0410156 0.00878906 -0.116455
v 0.000488281 -0.0090332 -0.116455
v -0.0412598 -0.0102539 -0.123779
v -0.0407715 -0.0192871 -0.123779
v 0.000488281 0.00927734 0.113037
v -0.0419922 -0.0161133 0.119385
v -0.0437012 -0.00708008 0.123779
v 0.0415039 0.015625 -0.0559082
v 0.0463867 -0.00244141 -0.064209
v 0.0405273 0.0131836 -0.0900879
v 0.0449219 -0.00244141 -0.0944824
v 0.0422363 0.0146484 0.0742188
v 0.0463867 -0.0012207 0.0852051
v 0.0432129 0.0131836 0.060791
v 0.0471191 -0.0012207 0.0610352
v 0.0205078 -0.019043 0.09375
v 0.0205078 -0.0231934 0.0539551
v 0.0205078 -0.0231934 -0.057373
v 0.0205078 -0.0209961 -0.103027
v 0.0437012 -0.00610352 0.125244
v 0.0437012 -0.00708008 0.129639
v 0.0427246 -0.0090332 -0.124512
v 0.0427246 -0.0102539 -0.129639
v 0.0424805 0.00878906 -0.122314
v 0.0419922 -0.0161133 0.125244
v 0.0419922 -0.019043 0.09375
v 0.0400391 0.0090332 0.122559
v 0.0439453 0.000732422 0.124268
v 0.000488281 0.000732422 0.11499
v 0.0422363 -0.0192871 -0.129639
v 0.043457 -0.0209961 -0.103027
v 0.0319824 0.0351562 0.0541992
v 0.0439453 0.0131836 0.0339355
v 0.0427246 -0.00244141 0.0324707
v 0.0319824 0.0366211 -0.0241699
v 0.0419922 -0.0231934 0.0539551
v 0.043457 -0.0231934 -0.057373
v 0.017334 0.015625 -0.0595703
v 0.0419922 -0.0231934 0.0324707
v 0.0380859 -0.00244141 -0.0407715
v 0.0458984 -0.0234375 -0.0407715
v -0.0366211 -0.00244141 -0.0407715
v -0.0422363 -0.0234375 -0.0407715
v 0.0388184 0.0268555 -0.0986328
v -0.0388184 0.0227051 -0.0986328
v -0.0412598 0.0124512 0.109619
v 0.0412598 0.0124512 0.109619
v 0.0405273 0.0246582 0.104492
v -0.0405273 0.0275879 0.104492
v -0.0268555 0.0463867 0.00292969
v -0.0319824 0.0375977 0.000976562
v -0.0268555 0.0461426 0.0131836
v -0.0319824 0.0373535 0.0153809
v 0.0268555 0.0461426 0.0131836
v 0.0319824 0.0373535 0.0153809
v 0.0268555 0.0463867 0.00292969
v 0.0319824 0.0375977 0.0012207
usemtl none
f 1 1 1 
f 1 1 1 
f 1 1 1 
f 1 1 1 
f 1 1 1 
f 1 1 1 
f 1 1 1 
f 1 1 1 
f 1 1 1 
f 1 1 1 
f 1 1 1 
f 1 1 1 
f 1 1 1 
f 1 1 1 
f 1 1 1 
f 1 1 1 
f 1 1 1 
f 1 1 1 
f 1 1 1 
f 1 1 1 
f 1 1 1 
f 1 1 1 
f 1 1 1 
f 1 1 1 
f 1 1 1 
f 1 1 1 
f 1 1 1 
f 1 1 1 
f 1 1 1 
f 1 1 1 
f 1 1 1 
f 1 1 1 
f 1 1 1 
f 1 1 1 
f 1 1 1 
f 1 1 1 
f 1 1 1 
f 1 1 1 
f 1 1 1 
f 1 1 1 
f 1 1 1 
f 1 1 1 
f 1 1 1 
f 1 1 1 
f 1 1 1 
f 1 1 1 
f 1 1 1 
f 1 1 1 
f 1 1 1 
f 1 1 1 
f 1 1 1 
f 1 1 1 
f 1 1 1 
f 1 1 1 
f 1 1 1 
f 1 1 1 
f 1 1 1 
f 1 1 1 
f 1 1 1 
f 1 1 1 
f 1 1 1 
f 1 1 1 
f 1 1 1 
f 1 1 1 
f 1 1 1 
f 1 1 1 
f 1 1 1 
f 1 1 1 
f 1 1 1 
f 1 1 1 
f 1 1 1 
f 1 1 1 
f 1 1 1 
f 1 1 1 
f 1 1 1 
f 1 1 1 
f 1 1 1 
f 1 1 1 
f 1 1 1 
f 1 1 1 
f 1 1 1 
f 1 1 1 
f 1 1 1 
f 1 1 1 
f 1 1 1 
f 1 1 1 
f 1 1 1 
f 1 1 1 
f 1 1 1 
f 1 1 1 
f 1 1 1 
f 1 1 1 
f 1 1 1 
f 1 1 1 
f 1 1 1 
f 1 1 1 
f 1 1 1 
f 1 1 1 
f 1 1 1 
f 1 1 1 
f 1 1 1 
f 1 1 1 
f 1 1 1 
f 1 1 1 
f 1 1 1 
f 1 1 1 
f 1 1 1 
f 1 1 1 
f 1 1 1 
f 1 1 1 
f 1 1 1 
f 1 1 1 
f 1 1 1 
f 1 1 1 
f 1 1 1 
f 1 1 1 
f 1 1 1 
f 1 1 1 
f 1 1 1 
f 1 1 1 
f 1 1 1 
f 1 1 1 
f 1 1 1 
f 1 1 1 
f 1 1 1 
f 1 1 1 
f 1 1 1 
f 1 1 1 
f 1 1 1 
f 1 1 1 
f 1 1 1 
f 1 1 1 
f 1 1 1 
f 1 1 1 
f 1 1 1 
f 1 1 1 
f 1 1 1 
f 1 1 1 
f 1 1 1 
f 1 1 1 
f 1 1 1 
f 1 1 1 
f 1 1 1 
f 1 1 1 
