mtllib MODELPAGES.mtl
g CARMODEL_6_damaged
o CARMODEL_6_damaged
v 0.000488281 -0.0202637 -0.115723
v 0.000488281 -0.017334 0.120117
v -0.0410156 -0.0241699 -0.0551758
v -0.0437012 -0.00390625 -0.0617676
v -0.0405273 0.0124512 -0.0510254
v -0.0273438 0.0339355 -0.0229492
v -0.0168457 0.0124512 -0.0546875
v -0.0200195 -0.0241699 -0.0551758
v -0.0410156 -0.0241699 0.0559082
v -0.0200195 -0.0241699 0.0559082
v -0.0458984 -0.00268555 0.0600586
v -0.0273438 0.0327148 0.0549316
v -0.0200195 -0.0200195 0.0964355
v -0.0410156 -0.0200195 0.0964355
v -0.045166 -0.00268555 0.0878906
v -0.0339355 -0.0239258 0.0322266
v -0.0380859 -0.00390625 0.0322266
v -0.0395508 0.0114746 -0.0871582
v -0.0200195 -0.0219727 -0.0996094
v -0.0410156 -0.0219727 -0.0996094
v -0.0437012 -0.00390625 -0.0913086
v 0.000488281 -0.00854492 0.121338
v -0.0429688 -0.000488281 0.120361
v -0.0427246 -0.00756836 0.121338
v 0.000488281 -0.00756836 0.114502
v -0.0429688 0.0112305 0.0336914
v -0.0419922 0.0112305 0.0612793
v -0.0412598 0.0126953 0.0744629
v -0.0390625 0.00732422 0.118652
v -0.0402832 -0.0102539 -0.11499
v 0.000488281 -0.0114746 -0.115723
v 0.000488281 0.00708008 -0.10791
v -0.0400391 0.00708008 -0.112793
v 0.000488281 -0.0102539 -0.110107
v -0.0402832 -0.0114746 -0.120117
v -0.0397949 -0.0202637 -0.120117
v 0.000488281 0.00732422 0.111572
v -0.0410156 -0.017334 0.124023
v -0.0424805 -0.00854492 0.125488
v 0.0405273 0.0124512 -0.0510254
v 0.045166 -0.00390625 -0.0617676
v 0.0395508 0.0114746 -0.0871582
v 0.0437012 -0.00390625 -0.0913086
v 0.0412598 0.0126953 0.0744629
v 0.045166 -0.00268555 0.0878906
v 0.0419922 0.0112305 0.0612793
v 0.0458984 -0.00268555 0.0600586
v 0.0200195 -0.0200195 0.0964355
v 0.0200195 -0.0241699 0.0559082
v 0.0200195 -0.0241699 -0.0551758
v 0.0200195 -0.0219727 -0.0996094
v 0.0397949 -0.00756836 0.122803
v 0.0397949 -0.00854492 0.126953
v 0.0432129 -0.0102539 -0.12207
v 0.0429688 -0.0114746 -0.126953
v 0.0427246 0.00708008 -0.119873
v 0.0380859 -0.017334 0.125488
v 0.0410156 -0.0200195 0.0964355
v 0.036377 0.00732422 0.120117
v 0.0400391 -0.000488281 0.121826
v 0.000488281 -0.000488281 0.113525
v 0.0424805 -0.0202637 -0.126953
v 0.0422363 -0.0219727 -0.0996094
v 0.0273438 0.0327148 0.0549316
v 0.0429688 0.0112305 0.0336914
v 0.0383301 -0.00390625 0.0322266
v 0.0273438 0.0339355 -0.0229492
v 0.0410156 -0.0241699 0.0559082
v 0.0422363 -0.0241699 -0.0551758
v 0.0168457 0.0124512 -0.0546875
v 0.0341797 -0.0239258 0.0322266
v 0.0383301 -0.00390625 -0.0390625
v 0.0351562 -0.0239258 -0.0390625
v -0.0368652 -0.00390625 -0.0390625
v -0.0339355 -0.0239258 -0.0390625
v 0.0378418 0.0280762 -0.088623
v -0.0393066 0.0197754 -0.088623
v -0.0400391 0.0107422 0.107422
v 0.0400391 0.0107422 0.107422
v 0.0393066 0.0217285 0.0964355
v -0.0393066 0.026123 0.0964355
v 0.00146484 0.0437012 -0.0158691
v 0.00561523 0.0354004 -0.0229492
v -0.00439453 0.0437012 -0.0158691
v -0.00805664 0.0354004 -0.0229492
v -0.0078125 0.0339355 0.0549316
v -0.00415039 0.0437012 0.0493164
v 0.00561523 0.0354004 0.0549316
v 0.0012207 0.0437012 0.0493164
usemtl none
