mtllib MODELPAGES.mtl
g CARMODEL_8_damaged
o CARMODEL_8_damaged
v -0.0490723 -0.00732422 0.050293
v -0.0473633 -0.00732422 0.0749512
v -0.043457 -0.0219727 0.0830078
v -0.0412598 0.00512695 0.0854492
v -0.0390625 0.00854492 0.0654297
v -0.0317383 0.0205078 0.050293
v -0.0317383 0.0253906 0.0273438
v -0.0317383 0.0241699 -0.0078125
v -0.0427246 0.00585938 -0.0383301
v -0.0427246 0.00341797 -0.0800781
v -0.0424805 0.000976562 -0.103027
v -0.043457 -0.012207 -0.104004
v -0.0410156 -0.0158691 -0.104736
v -0.0410156 -0.0231934 -0.105957
v -0.0473633 -0.0231934 -0.0969238
v -0.0473633 -0.00610352 -0.088623
v -0.0473633 -0.00610352 -0.0664062
v -0.043457 -0.0268555 -0.057373
v -0.0361328 -0.0268555 -0.0385742
v -0.0361328 -0.0268555 0.027832
v -0.043457 -0.0268555 0.0407715
v -0.0439453 0.00512695 0.0302734
v -0.0439453 0.00561523 0.0407715
v 0 -0.020752 -0.111816
v 0 -0.0134277 -0.110596
v 0 -0.012207 -0.104736
v 0 0.000976562 -0.10376
v 0 0.0144043 -0.0812988
v 0 0.00830078 -0.0422363
v 0 0.026123 -0.0124512
v 0 0.0268555 0.0270996
v 0 0.0219727 0.052002
v 0 0.012207 0.0671387
v 0 0.0107422 0.0852051
v 0 0.0012207 0.0952148
v 0 -0.0109863 0.10083
v 0 -0.012207 0.104736
v 0 -0.0195312 0.105957
v -0.0292969 -0.0268555 0.0407715
v -0.0292969 -0.0268555 -0.057373
v -0.0292969 -0.0231934 -0.0969238
v -0.0134277 -0.020752 -0.108398
v -0.0134277 -0.0134277 -0.107178
v -0.0134277 -0.012207 -0.104004
v -0.0134277 0.000976562 -0.103027
v -0.0214844 -0.0109863 0.0996094
v -0.0214844 -0.012207 0.103516
v -0.0214844 -0.0195312 0.104736
v -0.0292969 -0.0219727 0.0830078
v -0.0395508 0.00195312 0.0925293
v -0.043457 -0.0109863 0.0986328
v -0.0422363 -0.012207 0.102295
v -0.0415039 -0.0195312 0.103516
v -0.0415039 -0.0078125 0.0288086
v -0.0402832 -0.00708008 -0.0385742
v -0.0461426 -0.00830078 0.0944824
v -0.043457 -0.0209961 0.0900879
v -0.0422363 0.0109863 -0.0812988
v -0.0397949 0.0114746 0.0859375
v -0.036377 0.0102539 0.065918
v -0.0300293 0.010498 0.0856934
v -0.0305176 0.000732422 0.0939941
v 0.0422363 0.0158691 -0.0812988
v 0.0424805 0.000976562 -0.104248
v 0.0131836 0.000976562 -0.101807
v 0.0424805 0.00585938 -0.0383301
v 0.0131836 -0.012207 -0.102783
v 0.043457 -0.012207 -0.105225
v 0.0314941 0.0241699 -0.0078125
v 0.036377 0.0102539 0.065918
v 0.0300293 0.010498 0.0856934
v 0.0388184 0.00854492 0.0654297
v 0.0397949 0.0114746 0.0859375
v 0.0305176 0.000732422 0.101318
v 0.0395508 0.00195312 0.0998535
v 0.0214844 -0.0109863 0.106934
v 0.043457 -0.0134277 0.105957
v 0.0314941 0.0205078 0.050293
v 0.043457 -0.0209961 0.0900879
v 0.0461426 -0.00830078 0.0944824
v 0.0422363 -0.0146484 0.109619
v 0.0415039 -0.0219727 0.11084
v 0.0410156 0.00512695 0.0854492
v 0.0427246 0.00341797 -0.0800781
v 0.0490723 -0.00732422 0.050293
v 0.0437012 0.00561523 0.0407715
v 0.0473633 -0.00732422 0.0749512
v 0.0290527 -0.0219727 0.0830078
v 0.043457 -0.0219727 0.0830078
v 0.0214844 -0.0195312 0.112061
v 0.0373535 -0.0268555 0.027832
v 0.043457 -0.0268555 0.0407715
v 0.0290527 -0.0268555 0.0407715
v 0.0131836 -0.020752 -0.109619
v 0.0290527 -0.0231934 -0.0969238
v 0.0373535 -0.0268555 -0.0385742
v 0.0290527 -0.0268555 -0.057373
v 0.043457 -0.0268555 -0.057373
v 0.0429688 -0.0078125 0.0288086
v 0.0415039 -0.00708008 -0.0385742
v 0.0437012 0.00512695 0.0302734
v 0.0473633 -0.00610352 -0.0664062
v 0.0214844 -0.012207 0.11084
v 0.0473633 -0.00610352 -0.088623
v 0.0473633 -0.0231934 -0.0969238
v 0.043457 -0.020752 -0.112061
v 0.0131836 -0.0134277 -0.108398
v 0.043457 -0.0134277 -0.11084
v 0.0314941 0.0253906 0.0273438
v -0.0493164 -0.00756836 0.0407715
v 0.0493164 -0.00756836 0.0407715
usemtl none
