mtllib MODELPAGES.mtl
g CARMODEL_2_damaged
o CARMODEL_2_damaged
v -0.0402832 0.000244141 0.0908203
v -0.0454102 -0.010498 0.0925293
v -0.0427246 -0.0112305 0.0974121
v -0.0410156 -0.0214844 0.0964355
v -0.0458984 -0.0231934 0.0861816
v -0.0488281 -0.0078125 0.0761719
v -0.0488281 -0.0078125 0.0546875
v -0.0368652 -0.0297852 0.0454102
v -0.0368652 -0.0297852 -0.0419922
v -0.0471191 -0.00610352 -0.0537109
v -0.0471191 -0.00708008 -0.074707
v -0.0437012 -0.0246582 -0.0837402
v -0.0422363 -0.0231934 -0.0959473
v -0.0424805 -0.0129395 -0.0957031
v -0.0402832 -0.00146484 -0.0908203
v -0.0402832 0.00537109 -0.0830078
v -0.0402832 0.0078125 -0.0429688
v -0.0268555 0.0290527 -0.00537109
v -0.0268555 0.0280762 0.0461426
v -0.0268555 0.0256348 0.0629883
v 0 0.000244141 0.0908203
v 0 -0.010498 0.0925293
v 0 -0.0112305 0.0991211
v 0 -0.0214844 0.0981445
v 0 -0.0231934 -0.0996094
v 0 -0.0129395 -0.098877
v 0 -0.000244141 -0.0913086
v 0 0.0151367 -0.0827637
v 0 0.0090332 -0.0429688
v 0 0.0307617 -0.00537109
v 0 0.0297852 0.0461426
v 0 0.0273438 0.0629883
v -0.0402832 0.00952148 -0.00488281
v -0.0402832 0.00952148 0.0461426
v -0.0402832 0.00952148 0.0756836
v -0.0405273 -0.00537109 -0.00488281
v -0.0456543 -0.00537109 0.0461426
v -0.03125 -0.0300293 -0.00561523
v -0.0319824 -0.0297852 -0.0429688
v -0.0319824 -0.0246582 -0.0842285
v 0.0402832 -0.0129395 -0.102783
v 0.0400391 -0.0231934 -0.103027
v 0.0402832 0.00952148 0.0461426
v 0.0456543 -0.00537109 0.0461426
v 0.0268555 0.0280762 0.0461426
v 0.0319824 -0.0246582 -0.0842285
v 0.0471191 -0.00708008 -0.074707
v 0.0471191 -0.00610352 -0.0537109
v 0.0319824 -0.0297852 -0.0429688
v 0.0437012 -0.0246582 -0.0837402
v 0.0368652 -0.0297852 -0.0419922
v 0.0366211 -0.00146484 -0.0959473
v 0.0454102 -0.010498 0.0981445
v 0.0458984 -0.0231934 0.0861816
v 0.0427246 -0.0112305 0.103027
v 0.0410156 -0.0214844 0.102295
v 0.0488281 -0.0078125 0.0546875
v 0.0368652 -0.0297852 0.0454102
v 0.0402832 0.000244141 0.0964355
v 0.0488281 -0.0078125 0.0761719
v 0.0402832 0.00952148 0.0756836
v 0.0402832 -0.00537109 -0.00488281
v 0.03125 -0.0300293 -0.00561523
v 0.0402832 0.00537109 -0.0830078
v 0.0402832 0.0078125 -0.0429688
v 0.0402832 0.00952148 -0.00488281
v 0.0268555 0.0256348 0.0629883
v 0.0268555 0.0290527 -0.00537109
v -0.0310059 -0.0307617 0.0454102
v -0.0310059 -0.0239258 0.0859375
v 0.0310059 -0.0307617 0.0454102
v 0.0310059 -0.0239258 0.0859375
v 0.0395508 0.0141602 -0.0827637
v -0.0395508 0.0168457 -0.0827637
usemtl none
f 1 1 1 
f 1 1 2 
f 1 1 1 
f 66 69 1 
f 1 1 1 
f 1 1 1 
f 1 1 1 
f 1 1 1 
f 1 1 1 
f 1 1 1 
f 1 1 1 
f 1 1 1 
f 1 1 1 
f 1 1 1 
f 1 1 1 
f 1 1 1 
f 1 1 1 
f 1 1 1 
f 1 1 1 
f 1 1 1 
f 1 1 1 
f 1 1 1 
f 1 1 1 
f 1 1 1 
f 1 1 1 
f 1 1 1 
f 1 1 1 
f 1 1 1 
f 1 1 1 
f 1 1 1 
f 1 1 1 
f 1 1 1 
f 1 1 1 
f 1 1 1 
f 1 1 1 
f 1 1 1 
f 1 1 1 
f 1 1 1 
f 1 1 1 
f 1 1 1 
f 1 1 1 
f 1 1 1 
f 1 1 1 
f 1 1 1 
f 1 1 1 
f 1 1 1 
f 1 1 1 
f 1 1 1 
f 1 1 1 
f 1 1 1 
f 1 1 1 
f 1 1 1 
f 1 1 1 
f 1 1 1 
f 1 1 1 
f 1 1 2 
f 1 1 1 
f 1 1 1 
f 1 1 1 
f 1 1 1 
f 1 1 1 
f 1 1 1 
f 1 1 1 
f 1 1 1 
f 1 1 1 
f 1 1 1 
f 1 1 1 
f 1 1 1 
f 1 1 1 
f 1 1 1 
f 1 1 1 
f 1 1 1 
f 1 1 1 
f 1 1 1 
f 1 1 1 
f 1 1 1 
f 1 1 1 
f 1 1 1 
f 1 1 1 
f 1 1 1 
f 1 1 1 
f 1 1 2 
f 1 1 1 
f 1 1 1 
f 1 1 1 
f 1 1 1 
f 1 1 1 
f 1 1 1 
f 1 1 1 
f 1 1 1 
f 1 1 1 
f 1 1 1 
f 1 1 1 
f 1 1 1 
f 1 1 1 
f 1 1 1 
f 1 1 1 
f 1 1 1 
f 1 1 1 
f 1 1 1 
f 1 1 1 
f 1 1 1 
f 1 1 1 
f 1 1 1 
f 1 1 1 
f 1 1 1 
f 1 1 1 
f 1 1 1 
f 1 1 1 
f 1 1 1 
f 1 1 1 
f 1 1 1 
f 1 1 1 
f 1 1 1 
f 1 1 1 
f 1 1 1 
f 1 1 1 
f 1 1 1 
f 1 1 1 
f 1 1 1 
f 1 1 1 
f 1 1 1 
f 1 1 1 
f 1 1 1 
f 1 1 1 
