mtllib MODELPAGES.mtl
g CARMODEL_5_damaged
o CARMODEL_5_damaged
v -0.048584 -0.00585938 0.0556641
v -0.046875 -0.00585938 0.0788574
v -0.0429688 -0.0185547 0.0898438
v -0.0419922 0.0117188 0.102539
v -0.0422363 0.0151367 0.0783691
v -0.034668 0.0280762 0.0546875
v -0.032959 0.0339355 0.0356445
v -0.032959 0.0332031 -0.0161133
v -0.0444336 0.012207 -0.0368652
v -0.0429688 0.0090332 -0.0771484
v -0.041748 0.00585938 -0.106445
v -0.0446777 -0.00708008 -0.104248
v -0.0444336 -0.0078125 -0.106689
v -0.0444336 -0.0185547 -0.105957
v -0.046875 -0.0205078 -0.0986328
v -0.046875 -0.00463867 -0.0949707
v -0.046875 -0.00463867 -0.0705566
v -0.0429688 -0.0236816 -0.0588379
v -0.0366211 -0.0236816 -0.0366211
v -0.0366211 -0.0236816 0.0336914
v -0.0429688 -0.0236816 0.0471191
v -0.0437012 0.012207 0.0336914
v -0.0432129 0.0124512 0.0471191
v 0 -0.0185547 -0.10498
v 0 -0.0078125 -0.105713
v 0 -0.00708008 -0.102295
v 0 0.0249023 -0.0776367
v 0 0.0146484 -0.0393066
v 0 0.0349121 -0.020752
v 0 0.0358887 0.0356445
v 0 0.0297852 0.0566406
v 0 0.0163574 0.0825195
v 0 0.0217285 0.0998535
v 0 0.00805664 0.102295
v 0 -0.00463867 0.103271
v 0 -0.00585938 0.107422
v 0 -0.0146484 0.106689
v -0.0302734 -0.0236816 0.0471191
v -0.0302734 -0.0236816 -0.0588379
v -0.0302734 -0.0205078 -0.0986328
v -0.0302734 -0.0185547 0.0898438
v -0.0424805 0.0078125 0.109863
v -0.0441895 -0.00463867 0.111816
v -0.0429688 -0.00585938 0.113525
v -0.0419922 -0.0146484 0.113037
v -0.0419922 -0.00512695 0.0334473
v -0.0407715 -0.00488281 -0.0366211
v -0.0458984 -0.00366211 0.103271
v -0.0429688 -0.0161133 0.106445
v -0.0427246 0.0197754 -0.0771484
v -0.0410156 0.0200195 0.103027
v -0.0358887 0.00756836 0.109863
v 0 0.00756836 -0.10376
v -0.0366211 -0.00463867 0.112305
v -0.0361328 0.00708008 0.112793
v -0.0422363 0.00756836 0.112793
v -0.0439453 -0.00415039 -0.107178
v 0 -0.00366211 -0.10376
v 0.046875 -0.00463867 -0.0949707
v 0.046875 -0.0205078 -0.0986328
v 0.0446777 -0.00708008 -0.110596
v 0.0439453 -0.00415039 -0.113525
v 0.041748 0.00585938 -0.112793
v 0.0441895 -0.0078125 -0.113037
v 0.0332031 0.00756836 0.103516
v 0.0385742 0.0200195 0.0966797
v 0.0402832 -0.00585938 0.107178
v 0.0415039 -0.00463867 0.105469
v 0.0339355 -0.00463867 0.105957
v 0.0397949 0.0078125 0.103516
v 0.0395508 0.00756836 0.106445
v 0.0336914 0.00708008 0.106445
v 0.0427246 0.0222168 -0.0771484
v 0.0441895 0.012207 -0.0368652
v 0.032959 0.0332031 -0.0161133
v 0.0422363 0.0151367 0.0783691
v 0.0344238 0.0280762 0.0546875
v 0.0405273 -0.0161133 0.100098
v 0.0432129 -0.00366211 0.0969238
v 0.0393066 -0.0146484 0.106689
v 0.0393066 0.0117188 0.0961914
v 0.0429688 0.0090332 -0.0771484
v 0.048584 -0.00585938 0.0556641
v 0.0432129 0.0124512 0.0471191
v 0.046875 -0.00585938 0.0788574
v 0.0302734 -0.0185547 0.0898438
v 0.0429688 -0.0185547 0.0898438
v 0.0366211 -0.0236816 0.0336914
v 0.0429688 -0.0236816 0.0471191
v 0.0302734 -0.0236816 0.0471191
v 0.0302734 -0.0205078 -0.0986328
v 0.0366211 -0.0236816 -0.0366211
v 0.0302734 -0.0236816 -0.0588379
v 0.0429688 -0.0236816 -0.0588379
v 0.0419922 -0.00512695 0.0334473
v 0.0407715 -0.00488281 -0.0366211
v 0.0437012 0.012207 0.0336914
v 0.046875 -0.00463867 -0.0705566
v 0.0441895 -0.0185547 -0.112305
v 0.032959 0.0339355 0.0356445
v -0.0488281 -0.00488281 0.0471191
v 0.0488281 -0.00488281 0.0471191
usemtl none
f 1 1 1 
f 1 1 1 
f 1 1 1 
f 1 1 1 
f 1 1 1 
f 1 1 1 
f 1 1 1 
f 1 1 1 
f 1 1 1 
f 1 1 1 
f 1 1 1 
f 1 1 1 
f 1 1 1 
f 1 1 1 
f 1 1 1 
f 1 1 1 
f 1 1 1 
f 1 1 1 
f 1 1 1 
f 1 1 1 
f 1 1 1 
f 1 1 1 
f 1 1 1 
f 1 1 1 
f 1 1 1 
f 1 1 1 
f 1 1 1 
f 1 1 1 
f 19 54 85 
f 1 1 1 
f 19 54 85 
f 1 1 1 
f 1 1 1 
f 1 1 1 
f 1 1 1 
f 1 1 1 
f 1 1 1 
f 1 1 1 
f 1 1 1 
f 1 1 1 
f 1 1 1 
f 1 1 1 
f 1 1 1 
f 1 1 1 
f 1 1 1 
f 1 1 1 
f 1 1 1 
f 1 1 1 
f 1 1 1 
f 1 1 1 
f 1 1 1 
f 1 1 1 
f 1 1 1 
f 1 1 1 
f 1 1 1 
f 1 1 1 
f 19 54 85 
f 1 1 1 
f 19 54 85 
f 1 1 1 
f 1 1 1 
f 1 1 1 
f 1 1 1 
f 1 1 1 
f 1 1 1 
f 1 1 1 
f 1 1 1 
f 1 1 1 
f 1 1 1 
f 1 1 1 
f 1 1 1 
f 1 1 1 
f 1 1 1 
f 1 1 1 
f 1 1 1 
f 1 1 1 
f 1 1 1 
f 1 1 1 
f 1 1 1 
f 1 1 1 
f 1 1 1 
f 1 1 1 
f 1 1 1 
f 1 1 1 
f 19 54 85 
f 1 1 1 
f 19 54 85 
f 1 1 1 
f 1 1 1 
f 1 1 1 
f 1 1 1 
f 1 1 1 
f 1 1 1 
f 1 1 1 
f 1 1 1 
f 1 1 1 
f 1 1 1 
f 1 1 1 
f 1 1 1 
f 1 1 1 
f 1 1 1 
f 1 1 1 
f 1 1 1 
f 1 1 1 
f 1 1 1 
f 1 1 1 
f 1 1 1 
f 1 1 1 
f 1 1 1 
f 1 1 1 
f 1 1 1 
f 1 1 1 
f 19 54 85 
f 1 1 1 
f 19 54 85 
f 1 1 1 
f 1 1 1 
f 1 1 1 
f 1 1 1 
f 1 1 1 
f 1 1 1 
f 1 1 1 
f 1 1 1 
f 1 1 1 
f 1 1 1 
f 1 1 1 
f 1 1 1 
f 1 1 1 
f 1 1 1 
f 1 1 1 
f 1 1 1 
f 1 1 1 
f 1 1 1 
f 1 1 1 
f 1 1 1 
f 1 1 1 
f 1 1 1 
f 1 1 1 
f 1 1 1 
f 1 1 1 
f 19 54 85 
f 1 1 1 
f 19 54 85 
f 1 1 1 
f 1 1 1 
f 1 1 1 
f 1 1 1 
f 1 1 1 
f 1 1 1 
f 1 1 1 
f 1 1 1 
f 1 1 1 
f 1 1 1 
f 1 1 1 
f 1 1 1 
f 1 1 1 
f 1 1 1 
f 1 1 1 
f 1 1 1 
f 1 1 1 
f 1 1 1 
f 1 1 1 
f 1 1 1 
f 1 1 1 
f 1 1 1 
f 1 1 1 
f 1 1 1 
f 1 1 1 
f 19 54 85 
f 1 1 1 
f 19 54 85 
f 1 1 1 
f 1 1 1 
f 1 1 1 
f 1 1 1 
f 1 1 1 
f 1 1 1 
f 1 1 1 
f 1 1 1 
f 1 1 1 
f 1 1 1 
f 1 1 1 
f 1 1 1 
f 1 1 1 
f 1 1 1 
f 1 1 1 
f 1 1 1 
f 1 1 1 
