mtllib MODELPAGES.mtl
g CARMODEL_5_damaged
o CARMODEL_5_damaged
v -0.0236816 -0.0290527 -0.0651855
v -0.0236816 -0.0290527 0.0483398
v -0.0236816 -0.0288086 0.0922852
v 0 -0.026123 0.116943
v 0 -0.020752 0.123535
v 0 -0.0144043 0.125
v 0 -0.0129395 0.119873
v 0 0.000244141 0.120117
v 0 -0.00341797 -0.12207
v 0 -0.0151367 -0.119141
v 0 -0.0158691 -0.124756
v 0 -0.0234375 -0.123291
v 0 -0.0319824 -0.113525
v -0.0236816 -0.0319824 -0.110107
v -0.052002 -0.00756836 -0.102783
v -0.052002 -0.00756836 -0.0698242
v -0.0441895 -0.0290527 -0.0651855
v -0.0441895 -0.0290527 0.0483398
v -0.052002 -0.0090332 0.0537109
v -0.0495605 -0.0090332 0.0874023
v -0.0419922 -0.0288086 0.0922852
v -0.0375977 -0.026123 0.119141
v -0.0427246 -0.020752 0.124268
v -0.0422363 -0.0144043 0.125488
v -0.0380859 -0.00195312 0.122559
v -0.0424805 0.00244141 0.110107
v -0.0371094 0.0283203 0.0498047
v -0.0371094 0.0290527 0.0090332
v -0.0371094 0.0268555 -0.0244141
v -0.0461426 0.00854492 -0.0439453
v -0.0441895 -0.00415039 -0.124268
v -0.0463867 -0.0151367 -0.121338
v -0.0444336 -0.0158691 -0.125488
v -0.045166 -0.0234375 -0.124268
v -0.046875 -0.0234375 -0.119873
v -0.0415039 -0.0319824 -0.115723
v -0.0441895 -0.0319824 -0.110107
v -0.0461426 0.00976562 0.0539551
v -0.0454102 0.00585938 0.0800781
v -0.0495605 0.00585938 0.0539551
v -0.0224609 -0.0234375 -0.122314
v -0.0224609 -0.0158691 -0.123535
v -0.0224609 -0.0151367 -0.118164
v -0.0224609 -0.00366211 -0.12085
v -0.0224609 0.00317383 -0.117188
v -0.0266113 0.00854492 -0.0539551
v -0.0168457 0.029541 -0.0244141
v -0.0168457 0.0319824 0.0090332
v -0.0168457 0.0310059 0.0524902
v -0.0168457 0.0100098 0.0849609
v -0.0168457 0.017334 0.11084
v -0.0168457 -0.000488281 0.118896
v -0.0168457 -0.0129395 0.118896
v -0.0168457 -0.0144043 0.124512
v -0.0168457 -0.020752 0.123047
v -0.0168457 -0.026123 0.115967
v -0.0397949 -0.0129395 0.122314
v -0.0241699 0.019043 -0.0942383
v -0.0490723 0.00292969 -0.0898438
v -0.0476074 -0.00878906 0.0090332
v -0.0441895 -0.0290527 0.0090332
v -0.0461426 0.00952148 0.0090332
v -0.0498047 0.00561523 0.0090332
v -0.0441895 -0.0290527 -0.0439453
v -0.0456543 -0.00805664 -0.0439453
v -0.0507812 0.00512695 -0.0439453
v 0.0422363 -0.0144043 0.125488
v 0.0427246 -0.020752 0.124268
v 0.0495605 -0.0090332 0.0874023
v 0.0419922 -0.0288086 0.0922852
v 0.0241699 0.0148926 -0.0942383
v 0.0490723 0.00292969 -0.0898438
v 0.0441895 -0.00415039 -0.124268
v 0.0224609 0.00317383 -0.117188
v 0.0224609 -0.00366211 -0.12085
v 0.052002 -0.00756836 -0.0698242
v 0.0456543 -0.00805664 -0.0439453
v 0.0441895 -0.0290527 -0.0439453
v 0.0441895 -0.0290527 -0.0651855
v 0.052002 -0.00756836 -0.102783
v 0.0461426 0.00854492 -0.0439453
v 0.0507812 0.00512695 -0.0439453
v 0.0168457 0.017334 0.11084
v 0.0168457 -0.000488281 0.118896
v 0.0266113 0.00854492 -0.0539551
v 0.0168457 0.0100098 0.0849609
v 0.0424805 0.00244141 0.110107
v 0.0461426 0.00976562 0.0539551
v 0.0461426 0.00952148 0.0090332
v 0.0371094 0.0290527 0.0090332
v 0.0371094 0.0283203 0.0498047
v 0.0476074 -0.00878906 0.0090332
v 0.052002 -0.0090332 0.0537109
v 0.0441895 -0.0290527 0.0483398
v 0.0441895 -0.0290527 0.0090332
v 0.0498047 0.00561523 0.0090332
v 0.0495605 0.00585938 0.0539551
v 0.0236816 -0.0288086 0.0922852
v 0.0236816 -0.0290527 0.0483398
v 0.0236816 -0.0290527 -0.0651855
v 0.0236816 -0.0319824 -0.110107
v 0.0371094 0.0268555 -0.0244141
v 0.0375977 -0.026123 0.119141
v 0.0454102 0.00585938 0.0800781
v 0.0168457 -0.0129395 0.118896
v 0.0397949 -0.0129395 0.122314
v 0.0380859 -0.00195312 0.122559
v 0.0168457 -0.0144043 0.124512
v 0.0168457 0.029541 -0.0244141
v 0.0168457 0.0319824 0.0090332
v 0.0168457 0.0310059 0.0524902
v 0.0168457 -0.020752 0.123047
v 0.0168457 -0.026123 0.115967
v 0.046875 -0.0234375 -0.119873
v 0.0415039 -0.0319824 -0.115723
v 0.0463867 -0.0151367 -0.121338
v 0.0224609 -0.0151367 -0.118164
v 0.0224609 -0.0234375 -0.122314
v 0.045166 -0.0234375 -0.124268
v 0.0224609 -0.0158691 -0.123535
v 0.0444336 -0.0158691 -0.125488
v 0.0441895 -0.0319824 -0.110107
v 0.0419922 0.0153809 0.11084
v -0.041748 0.0153809 0.11084
v 0.0476074 0.0183105 -0.0900879
v -0.0476074 0.0183105 -0.0900879
usemtl none
f 1 1 1 
f 1 1 1 
f 1 1 1 
f 1 1 1 
f 19 54 85 
f 1 1 2 
f 19 54 85 
f 1 1 1 
f 1 1 1 
f 1 1 1 
f 1 1 1 
f 1 1 1 
f 1 1 1 
f 1 1 1 
f 1 1 1 
f 1 1 1 
f 1 1 1 
f 1 1 1 
f 1 1 1 
f 1 1 1 
f 1 1 1 
f 1 1 1 
f 1 1 1 
f 1 1 1 
f 1 1 1 
f 1 1 1 
f 1 1 1 
f 1 1 1 
f 1 1 1 
f 1 1 1 
f 1 1 1 
f 1 1 1 
f 1 1 1 
f 1 1 1 
f 1 1 1 
f 19 54 85 
f 1 1 1 
f 19 54 85 
f 1 1 1 
f 1 1 1 
f 1 1 1 
f 1 1 1 
f 1 1 1 
f 1 1 1 
f 1 1 1 
f 1 1 1 
f 1 1 1 
f 1 1 1 
f 1 1 1 
f 1 1 1 
f 1 1 1 
f 1 1 1 
f 1 1 1 
f 1 1 1 
f 1 1 1 
f 1 1 1 
f 1 1 1 
f 1 1 1 
f 1 1 1 
f 1 1 1 
f 1 1 1 
f 1 1 1 
f 1 1 1 
f 19 54 85 
f 1 1 1 
f 19 54 85 
f 1 1 1 
f 1 1 1 
f 1 1 1 
f 1 1 1 
f 1 1 1 
f 1 1 1 
f 1 1 1 
f 1 1 1 
f 1 1 1 
f 1 1 1 
f 1 1 1 
f 1 1 1 
f 1 1 1 
f 1 1 1 
f 1 1 1 
f 1 1 1 
f 1 1 1 
f 1 1 1 
f 1 1 1 
f 1 1 1 
f 1 1 1 
f 1 1 1 
f 1 1 1 
f 1 1 1 
f 1 1 1 
f 19 54 85 
f 1 1 1 
f 19 54 85 
f 1 1 1 
f 1 1 1 
f 1 1 1 
f 1 1 1 
f 1 1 1 
f 1 1 1 
f 1 1 1 
f 1 1 1 
f 1 1 1 
f 1 1 1 
f 1 1 1 
f 1 1 1 
f 1 1 1 
f 1 1 1 
f 1 1 1 
f 1 1 1 
f 1 1 1 
f 1 1 1 
f 1 1 1 
f 1 1 1 
f 1 1 1 
f 1 1 1 
f 1 1 1 
f 1 1 1 
f 1 1 1 
f 19 54 85 
f 1 1 1 
f 19 54 85 
f 1 1 1 
f 1 1 1 
f 1 1 1 
f 1 1 1 
f 1 1 1 
f 1 1 1 
f 1 1 1 
f 1 1 1 
f 1 1 1 
f 1 1 1 
f 1 1 1 
f 1 1 1 
f 1 1 1 
f 1 1 1 
f 1 1 1 
f 1 1 1 
f 1 1 1 
f 1 1 1 
f 1 1 1 
f 1 1 1 
f 1 1 1 
f 1 1 1 
f 1 1 1 
f 1 1 1 
f 1 1 1 
f 19 54 85 
f 1 1 1 
f 19 54 85 
f 1 1 1 
f 1 1 1 
f 1 1 1 
f 1 1 1 
f 1 1 1 
f 1 1 1 
f 1 1 1 
f 1 1 1 
f 1 1 1 
f 1 1 1 
f 1 1 1 
f 1 1 1 
f 1 1 1 
f 1 1 1 
f 1 1 1 
f 1 1 1 
f 1 1 1 
f 1 1 1 
f 1 1 1 
f 1 1 1 
f 1 1 1 
f 1 1 1 
f 1 1 1 
f 1 1 1 
f 1 1 1 
f 19 54 85 
f 1 1 1 
f 19 54 85 
f 1 1 1 
f 1 1 1 
f 1 1 1 
f 1 1 1 
f 1 1 1 
f 1 1 1 
f 1 1 1 
f 1 1 1 
f 1 1 1 
f 1 1 1 
f 1 1 1 
f 1 1 1 
f 1 1 1 
f 1 1 1 
f 1 1 1 
f 1 1 1 
f 1 1 1 
f 1 1 1 
f 1 1 1 
f 1 1 1 
f 1 1 1 
f 1 1 1 
f 1 1 1 
f 1 1 1 
f 1 1 1 
f 19 54 85 
f 1 1 1 
f 19 54 85 
f 1 1 1 
f 1 1 1 
f 1 1 1 
f 1 1 1 
f 1 1 1 
f 1 1 1 
f 1 1 1 
f 1 1 1 
f 1 1 1 
f 1 1 1 
f 1 1 1 
f 1 1 1 
f 1 1 1 
