mtllib MODELPAGES.mtl
g CARMODEL_1_damaged
o CARMODEL_1_damaged
v -0.0383301 -0.0012207 0.107666
v -0.0432129 0.00854492 0.0661621
v -0.0322266 0.0236816 0.0478516
v -0.029541 0.0292969 0.0253906
v -0.029541 0.0292969 -0.00268555
v -0.0463867 0.0112305 -0.0209961
v -0.0449219 0.00854492 -0.0605469
v -0.0405273 0.00292969 -0.101318
v -0.0405273 -0.00830078 -0.107666
v -0.0385742 -0.0151367 -0.107666
v -0.0351562 -0.0307617 -0.104248
v -0.0463867 -0.00683594 -0.097168
v -0.0478516 -0.00683594 -0.0732422
v -0.0393066 -0.027832 -0.0576172
v -0.0407715 -0.027832 0.0422363
v -0.0505371 -0.00537109 0.0493164
v -0.0493164 -0.00537109 0.074707
v -0.0393066 -0.027832 0.0900879
v -0.0354004 -0.027832 0.102051
v -0.0415039 0.00292969 0.0930176
v -0.0439453 0.0112305 0.0478516
v -0.0466309 -0.00878906 0.0930176
v -0.0458984 0.0112305 0.00976562
v -0.0209961 -0.027832 0.0957031
v -0.0209961 0.00170898 0.101562
v -0.0263672 -0.027832 0.0900879
v -0.0209961 0.0158691 0.0930176
v -0.0209961 0.0102539 0.0761719
v -0.0263672 -0.027832 0.0422363
v -0.0263672 -0.027832 -0.0576172
v -0.0263672 -0.0307617 -0.104248
v -0.0209961 -0.0151367 -0.103516
v -0.0241699 -0.00683594 -0.103516
v -0.0285645 0.00415039 -0.104248
v -0.0258789 0.0100098 -0.0632324
v -0.0209961 0.0112305 -0.0292969
v -0.0153809 0.0307617 -0.00415039
v -0.0153809 0.0307617 0.0253906
v -0.0153809 0.0251465 0.0478516
v -0.0446777 -0.00585938 0.0112305
v -0.041748 -0.027832 0.0112305
v -0.0466309 -0.00634766 -0.0266113
v -0.0412598 -0.027832 -0.0266113
v -0.0422363 -0.0065918 -0.059082
v -0.0432129 -0.0109863 0.105225
v -0.0209961 -0.0109863 0.098877
v -0.0209961 -0.0119629 0.102539
v -0.0441895 -0.0119629 0.107666
v 0.0209961 -0.027832 0.0957031
v 0.0209961 -0.0119629 0.102539
v 0.0354004 -0.027832 0.102051
v 0.0441895 -0.0119629 0.107666
v 0.0466309 -0.00878906 0.0930176
v 0.0432129 -0.0109863 0.105225
v 0.0209961 -0.0109863 0.098877
v 0.0393066 -0.027832 -0.0576172
v 0.0478516 -0.00683594 -0.0732422
v 0.0422363 -0.0065918 -0.059082
v 0.0412598 -0.027832 -0.0266113
v 0.0466309 -0.00634766 -0.0266113
v 0.0449219 0.00854492 -0.0605469
v 0.0463867 0.0112305 -0.0209961
v 0.0463867 -0.00683594 -0.097168
v 0.0405273 0.00292969 -0.101318
v 0.0258789 0.0100098 -0.0632324
v 0.0241699 -0.00683594 -0.103516
v 0.0285645 0.00415039 -0.104248
v 0.0209961 -0.0151367 -0.103516
v 0.0385742 -0.0151367 -0.107666
v 0.0351562 -0.0307617 -0.104248
v 0.0263672 -0.0307617 -0.104248
v 0.0458984 0.0112305 0.00976562
v 0.0446777 -0.00585938 0.0112305
v 0.0439453 0.0112305 0.0478516
v 0.0505371 -0.00537109 0.0493164
v 0.041748 -0.027832 0.0112305
v 0.0407715 -0.027832 0.0422363
v 0.0209961 0.00170898 0.101562
v 0.0383301 -0.0012207 0.107666
v 0.0209961 0.0158691 0.0930176
v 0.0415039 0.00292969 0.0930176
v 0.0209961 0.0102539 0.0761719
v 0.0432129 0.00854492 0.0661621
v 0.0493164 -0.00537109 0.074707
v 0.0393066 -0.027832 0.0900879
v 0.0263672 -0.027832 0.0900879
v 0.0263672 -0.027832 0.0422363
v 0.0263672 -0.027832 -0.0576172
v 0.0405273 -0.00830078 -0.107666
v 0.0209961 0.0112305 -0.0292969
v 0.0153809 0.0307617 -0.00415039
v 0.029541 0.0292969 -0.00268555
v 0.0153809 0.0307617 0.0253906
v 0.029541 0.0292969 0.0253906
v 0.0153809 0.0251465 0.0478516
v 0.0322266 0.0236816 0.0478516
v 0.0256348 0.0183105 -0.0681152
v -0.0256348 0.0183105 -0.0681152
v 0.0407715 0.0144043 0.0930176
v -0.0405273 0.0144043 0.0930176
usemtl none
f 1 1 1 
