mtllib MODELPAGES.mtl
g CARMODEL_2_damaged
o CARMODEL_2_damaged
v -0.0441895 -0.0300293 -0.0561523
v -0.046875 -0.00756836 -0.0625
v -0.0437012 0.00952148 -0.0400391
v -0.0310059 0.0288086 -0.0129395
v -0.0209961 0.00952148 -0.0461426
v -0.0205078 -0.026123 -0.109863
v -0.0224609 -0.0258789 0.114502
v -0.0241699 -0.0300293 -0.0561523
v -0.0310059 0.0288086 0.0429688
v -0.0441895 -0.0300293 0.0483398
v -0.0241699 -0.0300293 0.0483398
v -0.0488281 -0.0065918 0.0524902
v -0.0310059 0.026123 0.0539551
v -0.0241699 -0.0258789 0.088623
v -0.0441895 -0.0258789 0.088623
v -0.0483398 -0.0065918 0.0793457
v -0.0310059 0.0300293 0.00805664
v -0.0400391 -0.0300293 0.00268555
v -0.0424805 -0.00756836 0.00268555
v -0.0214844 0.0212402 -0.0856934
v -0.0415039 0.00439453 -0.0856934
v -0.0239258 -0.027832 -0.0991211
v -0.0402832 -0.027832 -0.0991211
v -0.0456543 -0.00756836 -0.0910645
v -0.0214844 -0.0146484 0.114502
v -0.0424805 -0.013916 0.114258
v -0.0212402 -0.013916 0.108887
v -0.0461426 0.00708008 0.00415039
v -0.045166 0.00708008 0.0522461
v -0.0444336 0.00708008 0.0749512
v -0.0395508 0.00390625 0.111572
v -0.0358887 -0.0151367 -0.113281
v -0.0197754 -0.0163574 -0.109863
v -0.0192871 -0.0012207 -0.10376
v -0.0307617 -0.00219727 -0.112549
v -0.020752 -0.0151367 -0.104492
v -0.0339355 -0.0163574 -0.118164
v -0.032959 -0.026123 -0.118164
v -0.0192871 0.00610352 0.105957
v -0.0422363 -0.0258789 0.118164
v -0.0439453 -0.0146484 0.118164
v 0.0437012 0.00952148 -0.0400391
v 0.046875 -0.00756836 -0.0625
v 0.0415039 0.00439453 -0.0856934
v 0.0456543 -0.00756836 -0.0910645
v 0.0444336 0.00708008 0.0749512
v 0.0483398 -0.0065918 0.0793457
v 0.045166 0.00708008 0.0522461
v 0.0488281 -0.0065918 0.0524902
v 0.0241699 -0.0258789 0.088623
v 0.0241699 -0.0300293 0.0483398
v 0.0241699 -0.0300293 -0.0561523
v 0.0239258 -0.027832 -0.0991211
v 0.0424805 -0.013916 0.114258
v 0.0212402 -0.013916 0.108887
v 0.0214844 -0.0146484 0.114502
v 0.0439453 -0.0146484 0.118164
v 0.0197754 -0.0163574 -0.109863
v 0.020752 -0.0151367 -0.104492
v 0.0380859 -0.0151367 -0.111572
v 0.036377 -0.0163574 -0.116455
v 0.0192871 -0.0012207 -0.10376
v 0.0332031 -0.00219727 -0.11084
v 0.0224609 -0.0258789 0.114502
v 0.0422363 -0.0258789 0.118164
v 0.0441895 -0.0258789 0.088623
v 0.0395508 0.00390625 0.111572
v 0.0192871 0.00610352 0.105957
v 0.0354004 -0.026123 -0.116455
v 0.0205078 -0.026123 -0.109863
v 0.0402832 -0.027832 -0.0991211
v 0.0214844 0.0212402 -0.0856934
v 0.0310059 0.026123 0.0539551
v 0.0461426 0.00708008 0.00415039
v 0.0424805 -0.00756836 0.00268555
v 0.0310059 0.0288086 -0.0129395
v 0.0310059 0.0300293 0.00805664
v 0.0310059 0.0288086 0.0429688
v 0.0441895 -0.0300293 0.0483398
v 0.0441895 -0.0300293 -0.0561523
v 0.0209961 0.00952148 -0.0461426
v 0.0402832 -0.0300293 0.00268555
v 0.0239258 0.00708008 0.078125
v -0.0239258 0.00708008 0.078125
v 0.0476074 -0.00756836 -0.0407715
v 0.0441895 -0.0300293 -0.0407715
v -0.0476074 -0.00756836 -0.0407715
v -0.0441895 -0.0300293 -0.0407715
v 0.0400391 0.0195312 -0.0856934
v -0.0400391 0.0195312 -0.0856934
v -0.043457 0.00439453 0.10083
v -0.0222168 0.0217285 0.097168
v 0.043457 0.00439453 0.10083
v 0.0224609 0.0217285 0.097168
v 0.0441895 -0.0258789 0.10083
v 0.0480957 -0.0134277 0.10083
v -0.0441895 -0.0258789 0.10083
v -0.0480957 -0.0134277 0.10083
v 0.0427246 0.0195312 0.097168
v -0.0427246 0.0195312 0.097168
usemtl none
f 1 1 1 
f 1 1 1 
f 1 1 1 
f 1 1 1 
f 1 1 1 
f 1 1 1 
f 1 1 1 
f 1 1 1 
f 1 1 1 
f 1 1 1 
f 1 1 1 
f 1 1 1 
f 1 1 1 
f 1 1 1 
f 1 1 1 
f 1 1 1 
f 1 1 1 
f 1 1 1 
f 1 1 1 
f 1 1 1 
f 1 1 1 
f 1 1 1 
f 1 1 1 
f 1 1 1 
f 1 1 1 
f 1 1 1 
f 1 1 1 
f 19 54 85 
f 1 1 2 
f 19 54 85 
f 1 1 1 
f 1 1 1 
f 1 1 1 
f 1 1 1 
f 1 1 1 
f 1 1 1 
f 1 1 1 
f 1 1 1 
f 1 1 1 
f 1 1 1 
f 1 1 1 
f 1 1 1 
f 1 1 1 
f 1 1 1 
f 1 1 1 
f 1 1 1 
f 1 1 1 
f 1 1 1 
f 1 1 1 
f 1 1 1 
f 1 1 1 
f 1 1 1 
f 1 1 1 
f 1 1 1 
f 1 1 1 
f 1 1 1 
f 1 1 1 
f 1 1 1 
f 19 54 85 
f 1 1 1 
f 19 54 85 
f 1 1 1 
f 1 1 1 
f 1 1 1 
f 1 1 1 
f 1 1 1 
f 1 1 1 
f 1 1 1 
f 1 1 1 
f 1 1 1 
f 1 1 1 
f 1 1 1 
f 1 1 1 
f 1 1 1 
f 1 1 1 
f 1 1 1 
f 1 1 1 
f 1 1 1 
f 1 1 1 
f 1 1 1 
f 1 1 1 
f 1 1 1 
f 1 1 1 
f 1 1 1 
f 1 1 1 
f 1 1 1 
f 19 54 85 
f 1 1 1 
f 19 54 85 
f 1 1 1 
f 1 1 1 
f 1 1 1 
f 1 1 1 
f 1 1 1 
f 1 1 1 
f 1 1 1 
f 1 1 1 
f 1 1 1 
f 1 1 1 
f 1 1 1 
f 1 1 1 
f 1 1 1 
f 1 1 1 
f 1 1 1 
f 1 1 1 
f 1 1 1 
f 1 1 1 
f 1 1 1 
f 1 1 1 
f 1 1 1 
f 1 1 1 
f 1 1 1 
f 1 1 1 
f 1 1 1 
f 19 54 85 
f 1 1 1 
f 19 54 85 
f 1 1 1 
f 1 1 1 
f 1 1 1 
f 1 1 1 
f 1 1 1 
f 1 1 1 
f 1 1 1 
f 1 1 1 
f 1 1 1 
f 1 1 1 
f 1 1 1 
f 1 1 1 
f 1 1 1 
f 1 1 1 
f 1 1 1 
f 1 1 1 
f 1 1 1 
f 1 1 1 
f 1 1 1 
f 1 1 1 
f 1 1 1 
f 1 1 1 
f 1 1 1 
f 1 1 1 
f 1 1 1 
f 19 54 85 
