mtllib MODELPAGES.mtl
g CARMODEL_8_damaged
o CARMODEL_8_damaged
v 0.00146484 -0.0163574 -0.121094
v 0.0012207 -0.0219727 -0.119141
v 0.0012207 -0.0234375 -0.110352
v 0.000244141 -0.0297852 -0.0217285
v 0.000244141 -0.00830078 0.118164
v 0.000244141 -0.00537109 0.115479
v 0.000244141 0.00830078 0.111084
v 0.000244141 0.029541 -0.0065918
v -0.0229492 0.00756836 -0.112793
v -0.0476074 0.00366211 -0.108398
v -0.0424805 0.0012207 -0.118408
v -0.0405273 0.000488281 -0.123291
v -0.0422363 -0.0148926 -0.118408
v -0.0385742 -0.0163574 -0.123535
v -0.0385742 -0.0219727 -0.121826
v -0.0427246 -0.0234375 -0.114014
v -0.0473633 -0.0249023 -0.095459
v -0.0537109 -0.00415039 -0.0871582
v -0.0537109 -0.00390625 -0.0634766
v -0.0473633 -0.0285645 -0.0529785
v -0.0400391 -0.0297852 -0.0217285
v -0.0400391 -0.0297852 0.0397949
v -0.0473633 -0.0283203 0.0517578
v -0.0546875 -0.00366211 0.0600586
v -0.0537109 -0.00341797 0.0812988
v -0.0500488 -0.0246582 0.092041
v -0.0473633 -0.0209961 0.102051
v -0.0424805 -0.0158691 0.114746
v -0.0410156 -0.00830078 0.121094
v -0.0422363 -0.00537109 0.118408
v -0.0410156 0.00683594 0.117188
v -0.0388184 0.0109863 0.118408
v -0.0410156 0.00830078 0.114014
v -0.029541 0.00952148 0.107666
v -0.0332031 0.0227051 0.0715332
v -0.0344238 0.0275879 0.0373535
v -0.0344238 0.0273438 -0.0065918
v -0.0498047 0.00610352 -0.0339355
v -0.048584 0.0065918 0.0852051
v -0.048584 0.0065918 0.0371094
v -0.0498047 0.00439453 -0.0200195
v -0.0522461 -0.00463867 0.0991211
v -0.0473633 -0.00585938 0.0385742
v -0.0454102 -0.00683594 -0.0200195
v -0.050293 -0.00683594 -0.0395508
v -0.0490723 0.00415039 -0.0739746
v -0.0400391 0.0100098 0.0810547
v 0.000244141 0.0195312 -0.0803223
v -0.0310059 0.0219727 -0.0803223
v -0.0236816 0.00512695 -0.113525
v -0.0319824 0.0195312 -0.0803223
v -0.0341797 0.00756836 -0.0419922
v -0.0495605 0 0.105713
v -0.0461426 0.00585938 0.102783
v -0.046875 -0.0065918 -0.11084
v 0.000732422 0.00878906 -0.104248
v 0.0229492 0.00756836 -0.112793
v 0.0236816 0.00512695 -0.113525
v 0.000732422 0.00488281 -0.105469
v 0.0476074 0.00366211 -0.108398
v 0.0505371 -0.0065918 -0.115723
v 0.0461426 0.0012207 -0.123291
v 0.0441895 0.000488281 -0.128174
v 0.0456543 -0.0148926 -0.123291
v 0.0419922 -0.0163574 -0.128418
v 0.0461426 -0.0234375 -0.118896
v 0.0422363 -0.0219727 -0.126709
v 0.0471191 -0.0249023 -0.095459
v 0.0537109 -0.00415039 -0.0871582
v 0.0422363 0.00830078 0.121338
v 0.0400391 0.00732422 0.125732
v 0.0422363 0.00683594 0.124512
v -0.000244141 0.0090332 -0.0446777
v 0.0495605 0.00610352 -0.0339355
v 0.0341797 0.00756836 -0.0419922
v 0.0490723 0.00415039 -0.0739746
v 0.0522461 -0.00463867 0.102783
v 0.0478516 -0.0209961 0.113037
v 0.0500488 -0.0246582 0.092041
v 0.0466309 0.00585938 0.11377
v 0.0488281 0 0.109375
v 0.0307617 0.00952148 0.11499
v 0.048584 0.0065918 0.0852051
v 0.043457 -0.00537109 0.125732
v 0.0437012 -0.0158691 0.12207
v 0.0422363 -0.00830078 0.128418
v 0.0310059 0.0183105 -0.0803223
v 0.0319824 0.0170898 -0.0803223
v 0.0344238 0.0275879 0.0373535
v 0.048584 0.0065918 0.0371094
v 0.0400391 0.0100098 0.0810547
v 0.0332031 0.0227051 0.0715332
v 0.0537109 -0.00390625 -0.0634766
v 0.0505371 -0.00683594 -0.0395508
v 0.0498047 0.00439453 -0.0200195
v 0.0456543 -0.00683594 -0.0200195
v 0.0537109 -0.00341797 0.0812988
v 0.0471191 -0.0285645 -0.0529785
v 0.0402832 -0.0297852 -0.0217285
v 0.0476074 -0.00585938 0.0385742
v 0.0402832 -0.0297852 0.0397949
v 0.0546875 -0.00366211 0.0600586
v 0.0471191 -0.0283203 0.0517578
v 0.0344238 0.0273438 -0.0065918
v -0.000244141 0.00830078 -0.0378418
v -0.000244141 0.0297852 0.0373535
v -0.000244141 0.0236816 0.0715332
v -0.000244141 0.00952148 0.109863
v -0.000244141 0.0126953 0.115234
v -0.000244141 0.00805664 0.114258
v -0.000244141 -0.0158691 0.111572
v -0.000244141 -0.0209961 0.102783
v -0.000244141 -0.0297852 0.0397949
v 0.000732422 -0.0148926 -0.114746
v 0.000732422 0.000488281 -0.119629
v 0.000732422 0.00244141 -0.114746
v -0.0478516 0.0178223 -0.0800781
v 0.0480957 0.0153809 -0.0800781
v -0.0334473 -0.027832 -0.0532227
v -0.0285645 -0.0241699 0.0930176
v 0.0273438 -0.0241699 0.0917969
v 0.034668 -0.027832 -0.0532227
v -0.0285645 -0.027832 0.0515137
v 0.034668 -0.0241699 -0.0959473
v 0.0273438 -0.027832 0.0515137
v -0.0334473 -0.0241699 -0.0959473
usemtl none
f 1 1 1 
f 1 1 1 
f 1 1 1 
f 1 1 1 
f 1 1 1 
f 1 1 1 
f 1 1 1 
f 1 1 1 
f 1 1 1 
f 1 1 1 
f 1 1 1 
f 1 1 1 
f 1 1 1 
f 1 1 1 
f 1 1 1 
f 1 1 1 
f 1 1 1 
f 1 1 1 
f 1 1 1 
f 1 1 1 
f 1 1 1 
f 1 1 1 
f 1 1 1 
f 1 1 1 
f 1 1 1 
f 1 1 1 
f 19 54 85 
f 1 1 2 
f 19 54 85 
f 1 1 1 
f 1 1 1 
f 1 1 1 
f 1 1 1 
f 1 1 1 
f 1 1 1 
f 1 1 1 
f 1 1 1 
f 1 1 1 
f 1 1 1 
f 1 1 1 
f 1 1 1 
f 1 1 1 
f 1 1 1 
f 1 1 1 
f 1 1 1 
f 1 1 1 
f 1 1 1 
f 1 1 1 
f 1 1 1 
f 1 1 1 
f 1 1 1 
f 1 1 1 
f 1 1 1 
f 1 1 1 
f 1 1 1 
f 1 1 1 
f 1 1 1 
f 19 54 85 
f 1 1 1 
f 19 54 85 
f 1 1 1 
f 1 1 1 
f 1 1 1 
f 1 1 1 
f 1 1 1 
f 1 1 1 
f 1 1 1 
f 1 1 1 
f 1 1 1 
f 1 1 1 
f 1 1 1 
f 1 1 1 
f 1 1 1 
f 1 1 1 
f 1 1 1 
f 1 1 1 
f 1 1 1 
f 1 1 1 
f 1 1 1 
f 1 1 1 
f 1 1 1 
f 1 1 1 
f 1 1 1 
f 1 1 1 
f 1 1 1 
f 19 54 85 
f 1 1 1 
f 19 54 85 
f 1 1 1 
f 1 1 1 
f 1 1 1 
f 1 1 1 
f 1 1 1 
f 1 1 1 
f 1 1 1 
f 1 1 1 
f 1 1 1 
f 1 1 1 
f 1 1 1 
f 1 1 1 
f 1 1 1 
f 1 1 1 
f 1 1 1 
f 1 1 1 
f 1 1 1 
f 1 1 1 
f 1 1 1 
f 1 1 1 
f 1 1 1 
f 1 1 1 
f 1 1 1 
f 1 1 1 
f 1 1 1 
f 19 54 85 
f 1 1 1 
f 19 54 85 
f 1 1 1 
f 1 1 1 
f 1 1 1 
f 1 1 1 
f 1 1 1 
f 1 1 1 
f 1 1 1 
f 1 1 1 
f 1 1 1 
f 1 1 1 
f 1 1 1 
f 1 1 1 
f 1 1 1 
f 1 1 1 
f 1 1 1 
f 1 1 1 
f 1 1 1 
f 1 1 1 
f 1 1 1 
f 1 1 1 
f 1 1 1 
f 1 1 1 
f 1 1 1 
f 1 1 1 
f 1 1 1 
f 19 54 85 
f 1 1 1 
f 19 54 85 
f 1 1 1 
f 1 1 1 
f 1 1 1 
f 1 1 1 
f 1 1 1 
f 1 1 1 
f 1 1 1 
f 1 1 1 
f 1 1 1 
f 1 1 1 
f 1 1 1 
f 1 1 1 
f 1 1 1 
f 1 1 1 
f 1 1 1 
f 1 1 1 
f 1 1 1 
f 1 1 1 
f 1 1 1 
f 1 1 1 
f 1 1 1 
f 1 1 1 
f 1 1 1 
f 1 1 1 
f 1 1 1 
f 19 54 85 
f 1 1 1 
f 19 54 85 
f 1 1 1 
f 1 1 1 
f 1 1 1 
f 1 1 1 
f 1 1 1 
f 1 1 1 
f 1 1 1 
f 1 1 1 
f 1 1 1 
f 1 1 1 
f 1 1 1 
f 1 1 1 
f 1 1 1 
f 1 1 1 
f 1 1 1 
f 1 1 1 
f 1 1 1 
f 1 1 1 
f 1 1 1 
f 1 1 1 
f 1 1 1 
f 1 1 1 
f 1 1 1 
f 1 1 1 
f 1 1 1 
f 19 54 85 
f 1 1 1 
f 19 54 85 
f 1 1 1 
f 1 1 1 
f 1 1 1 
f 1 1 1 
f 1 1 1 
f 1 1 1 
f 1 1 1 
f 1 1 1 
f 1 1 1 
f 1 1 1 
f 1 1 1 
f 1 1 1 
f 1 1 1 
f 1 1 1 
f 1 1 1 
f 1 1 1 
f 1 1 1 
f 1 1 1 
f 1 1 1 
f 1 1 1 
f 1 1 1 
f 1 1 1 
f 1 1 1 
f 1 1 1 
f 1 1 1 
f 19 54 85 
f 1 1 1 
f 19 54 85 
f 1 1 1 
f 1 1 1 
f 1 1 1 
f 1 1 1 
f 1 1 1 
f 1 1 1 
