mtllib MODELPAGES.mtl
g CARMODEL_0_damaged
o CARMODEL_0_damaged
v 0.000732422 -0.026123 -0.124023
v 0 -0.0222168 0.109619
v -0.043457 -0.0268555 -0.0646973
v -0.0463867 -0.00561523 -0.0715332
v -0.0429688 0.0126953 -0.0529785
v -0.0332031 0.0339355 -0.0212402
v -0.0178223 0.0126953 -0.0566406
v -0.0212402 -0.0268555 -0.0646973
v -0.043457 -0.0268555 0.0463867
v -0.0212402 -0.0268555 0.0463867
v -0.048584 -0.00439453 0.0534668
v -0.0332031 0.0324707 0.0466309
v -0.0212402 -0.0251465 0.0876465
v -0.043457 -0.0251465 0.0876465
v -0.0478516 -0.00439453 0.0778809
v -0.0383301 -0.0268555 0.0314941
v -0.0429688 -0.00561523 0.0314941
v -0.0419922 0.00878906 -0.0983887
v -0.0212402 -0.026123 -0.110596
v -0.043457 -0.026123 -0.110596
v -0.0463867 -0.00561523 -0.102051
v 0.000732422 -0.0102539 0.110352
v -0.0449219 -0.00219727 0.11084
v -0.0446777 -0.00927734 0.111816
v 0 -0.00927734 0.107666
v -0.0454102 0.0102539 0.0339355
v -0.0437012 0.0117188 0.0666504
v -0.0410156 0.00610352 0.108887
v -0.043457 -0.0119629 -0.120605
v 0.000732422 -0.0131836 -0.122559
v 0.000732422 0.00366211 -0.116455
v -0.0432129 0.00366211 -0.119141
v 0.000732422 -0.0119629 -0.119141
v -0.043457 -0.0161133 -0.124268
v -0.0441895 -0.026123 -0.123779
v 0 0.00610352 0.104736
v -0.0422363 -0.0222168 0.111328
v -0.0439453 -0.0102539 0.114258
v 0.0429688 0.0126953 -0.0529785
v 0.0478516 -0.00561523 -0.0715332
v 0.0419922 0.00878906 -0.0983887
v 0.0463867 -0.00561523 -0.102051
v 0.0437012 0.0117188 0.0666504
v 0.0478516 -0.00439453 0.0778809
v 0.048584 -0.00439453 0.0534668
v 0.0212402 -0.0251465 0.0876465
v 0.0212402 -0.0268555 0.0463867
v 0.0212402 -0.0268555 -0.0646973
v 0.0212402 -0.026123 -0.110596
v 0.043457 -0.00927734 0.116699
v 0.0424805 -0.0102539 0.119873
v 0.0429688 -0.0119629 -0.127441
v 0.0427246 -0.0161133 -0.131104
v 0.0427246 0.00366211 -0.125977
v 0.0405273 -0.0222168 0.116943
v 0.043457 -0.0251465 0.0876465
v 0.0397949 0.00610352 0.114014
v 0.0439453 -0.00219727 0.115723
v 0 -0.00219727 0.106689
v 0.041748 -0.026123 -0.12915
v 0.0449219 -0.026123 -0.110596
v 0.032959 0.0324707 0.0466309
v 0.0454102 0.0102539 0.0339355
v 0.0429688 -0.00561523 0.0314941
v 0.032959 0.0339355 -0.0212402
v 0.043457 -0.0268555 0.0463867
v 0.0449219 -0.0268555 -0.0646973
v 0.0178223 0.0126953 -0.0566406
v 0.0383301 -0.0268555 0.0314941
v 0.0429688 -0.00561523 -0.045166
v 0.0395508 -0.0268555 -0.0476074
v -0.041748 -0.00561523 -0.045166
v -0.0383301 -0.0268555 -0.0476074
v 0.0402832 0.0234375 -0.102539
v -0.0402832 0.0234375 -0.102539
v -0.0424805 0.00952148 0.102051
v 0.0424805 0.00952148 0.102051
v 0.041748 0.0258789 0.0913086
v -0.041748 0.0258789 0.0913086
v -0.0332031 0.0349121 -0.00317383
v -0.027832 0.0439453 -0.00146484
v -0.027832 0.0437012 0.00854492
v -0.0332031 0.034668 0.0107422
v 0.027832 0.043457 0.00854492
v 0.032959 0.034668 0.0107422
v 0.032959 0.0349121 -0.00317383
v 0.027832 0.0439453 -0.0012207
usemtl none
f 1 1 1 
f 1 1 1 
f 1 1 1 
f 1 1 1 
f 1 1 1 
f 1 1 1 
f 1 1 1 
f 1 1 1 
f 1 1 1 
f 1 1 1 
f 1 1 1 
f 1 1 1 
f 1 1 1 
f 1 1 1 
f 1 1 1 
f 1 1 1 
f 1 1 1 
f 1 1 1 
f 1 1 1 
f 1 1 1 
f 1 1 1 
f 1 1 1 
f 1 1 1 
f 19 54 85 
f 1 1 2 
f 19 54 85 
f 1 1 1 
f 1 1 1 
f 1 1 1 
f 1 1 1 
f 1 1 1 
f 1 1 1 
f 1 1 1 
f 1 1 1 
f 1 1 1 
f 1 1 1 
f 1 1 1 
f 1 1 1 
f 1 1 1 
f 1 1 1 
f 1 1 1 
f 1 1 1 
f 1 1 1 
f 1 1 1 
f 1 1 1 
f 1 1 1 
f 1 1 1 
f 1 1 1 
f 1 1 1 
f 1 1 1 
f 1 1 1 
f 1 1 1 
f 1 1 1 
f 1 1 1 
f 19 54 85 
f 1 1 1 
f 19 54 85 
f 1 1 1 
f 1 1 1 
f 1 1 1 
f 1 1 1 
f 1 1 1 
f 1 1 1 
f 1 1 1 
f 1 1 1 
f 1 1 1 
f 1 1 1 
f 1 1 1 
f 1 1 1 
f 1 1 1 
f 1 1 1 
f 1 1 1 
f 1 1 1 
f 1 1 1 
f 1 1 1 
f 1 1 1 
f 1 1 1 
f 1 1 1 
f 1 1 1 
f 1 1 1 
f 1 1 1 
f 1 1 1 
f 19 54 85 
f 1 1 1 
f 19 54 85 
f 1 1 1 
f 1 1 1 
f 1 1 1 
f 1 1 1 
f 1 1 1 
f 1 1 1 
f 1 1 1 
f 1 1 1 
f 1 1 1 
f 1 1 1 
f 1 1 1 
f 1 1 1 
f 1 1 1 
f 1 1 1 
f 1 1 1 
f 1 1 1 
f 1 1 1 
f 1 1 1 
f 1 1 1 
f 1 1 1 
f 1 1 1 
f 1 1 1 
f 1 1 1 
f 1 1 1 
f 1 1 1 
f 19 54 85 
f 1 1 1 
f 19 54 85 
f 1 1 1 
f 1 1 1 
f 1 1 1 
f 1 1 1 
f 1 1 1 
f 1 1 1 
f 1 1 1 
f 1 1 1 
f 1 1 1 
f 1 1 1 
f 1 1 1 
f 1 1 1 
f 1 1 1 
f 1 1 1 
f 1 1 1 
f 1 1 1 
f 1 1 1 
f 1 1 1 
f 1 1 1 
f 1 1 1 
f 1 1 1 
f 1 1 1 
f 1 1 1 
f 1 1 1 
f 1 1 1 
f 19 54 85 
f 1 1 1 
f 19 54 85 
