mtllib MODELPAGES.mtl
g CARMODEL_5_damaged
o CARMODEL_5_damaged
v 0.0212402 0.0141602 0.100342
v 0.045166 0.00610352 -0.0334473
v 0.041748 -0.00732422 -0.0332031
v 0 0.0170898 0.0942383
v -0.0310059 0.0251465 -0.0148926
v -0.0212402 0.0166016 0.0917969
v -0.0212402 0.012207 0.0834961
v 0 0.0126953 0.0834961
v 0.0212402 0.012207 0.0834961
v -0.0217285 0.0168457 -0.0959473
v -0.0214844 -0.00488281 -0.107422
v 0.00244141 -0.00219727 -0.112549
v 0 0.0175781 -0.088623
v 0.0239258 -0.00244141 -0.117188
v 0.0217285 0.0168457 -0.0837402
v 0.0219727 0.00830078 -0.0498047
v 0 0.00854492 -0.0498047
v -0.0219727 0.00830078 -0.0498047
v -0.045166 0.0131836 -0.0939941
v -0.0446777 0.00683594 -0.0429688
v 0.045166 0.015625 -0.0817871
v 0.0446777 0.00683594 -0.0429688
v 0.0275879 -0.0258789 0.0847168
v 0.0314941 0.0275879 0.00854492
v 0.043457 -0.0270996 -0.104736
v 0.0239258 -0.0266113 -0.118408
v 0.0449219 -0.0158691 -0.115234
v -0.0275879 -0.0258789 0.0847168
v -0.0488281 -0.00390625 -0.0952148
v 0.0270996 -0.0297852 0.0424805
v -0.0454102 0.00756836 0.00341797
v -0.0270996 -0.0297852 0.0424805
v 0.0380859 -0.0268555 -0.11792
v 0.0283203 -0.0297852 -0.0598145
v 0.0283203 -0.0270996 -0.104492
v -0.0424805 -0.0183105 -0.109131
v -0.0283203 -0.0297852 -0.0598145
v -0.0283203 -0.0270996 -0.104492
v -0.0202637 0.00390625 0.104492
v 0 0.00415039 0.10498
v 0 -0.00463867 0.105957
v -0.0197754 -0.00463867 0.105469
v 0.0197754 -0.00463867 0.116455
v 0.0202637 0.00390625 0.115479
v -0.0214844 -0.0180664 -0.107422
v 0.00244141 -0.015625 -0.111084
v 0.0239258 -0.015625 -0.115967
v -0.041748 -0.00732422 -0.0332031
v 0.0488281 -0.00390625 -0.0952148
v 0.0493164 -0.00366211 -0.0715332
v 0.0212402 -0.00561523 0.119629
v 0 -0.00561523 0.108643
v -0.0212402 -0.00561523 0.108643
v -0.0180664 0.0256348 0.0512695
v -0.0314941 0.0275879 0.00854492
v 0.0180664 0.0256348 0.0512695
v -0.0180664 0.029541 0.00854492
v 0.0454102 0.00756836 0.00341797
v -0.0180664 0.0288086 0.0334473
v 0.0180664 0.0288086 0.0334473
v 0.0180664 0.029541 0.00854492
v -0.0180664 0.0273438 -0.0187988
v 0 0.0285645 -0.0187988
v -0.045166 0.00610352 -0.0334473
v 0.0239258 -0.015625 -0.119629
v 0.043457 -0.0158691 -0.118896
v 0.0180664 0.0273438 -0.0187988
v -0.0310059 0.0251465 0.0493164
v 0.03125 0.0270996 0.0334473
v 0.00244141 -0.0266113 -0.114258
v -0.0410156 -0.0183105 -0.112793
v -0.0356445 -0.0292969 -0.111816
v -0.03125 0.0270996 0.0334473
v -0.0180664 -0.0205078 0.103271
v 0 -0.0205078 0.103271
v 0.0180664 -0.0205078 0.114258
v -0.0407715 -0.0297852 -0.0598145
v -0.043457 -0.0270996 -0.104736
v -0.0214844 -0.0290527 -0.109863
v -0.0356445 -0.0297852 -0.0334473
v 0.0356445 -0.0297852 -0.0334473
v 0.0402832 0.0131836 0.0998535
v 0.0405273 0.012207 0.0793457
v 0.0402832 0.00585938 0.100342
v 0.00244141 -0.015625 -0.115479
v -0.0402832 0.015625 0.09375
v -0.0493164 -0.00366211 -0.0715332
v -0.0402832 0.00585938 0.0893555
v -0.0405273 0.0119629 0.0793457
v -0.0419922 -0.00488281 -0.109131
v 0.0444336 -0.00244141 -0.116455
v 0.0310059 0.0251465 -0.0148926
v 0.0310059 0.0251465 0.0493164
v 0.0407715 -0.0297852 -0.0598145
v 0.0405273 -0.0241699 0.0969238
v 0.0397949 -0.0212402 0.108887
v 0.0415039 0.00292969 0.11377
v 0.0449219 -0.00463867 0.114502
v -0.0397949 -0.0212402 0.0979004
v -0.0375977 -0.020752 0.102051
v 0.0375977 -0.020752 0.113037
v 0.0412598 -0.0258789 0.0847168
v 0.0388184 -0.0297852 0.0424805
v 0.0466309 -0.00366211 0.074707
v -0.0214844 -0.0180664 -0.111084
v -0.0405273 -0.0241699 0.0859375
v -0.0412598 -0.0258789 0.0847168
v -0.0466309 -0.00366211 0.074707
v -0.0385742 -0.0297852 0.0424805
v -0.046875 -0.00390625 0.052002
v -0.0415039 0.00292969 0.102783
v -0.0449219 -0.00463867 0.103516
v 0.0456543 -0.00292969 0.104004
v -0.0456543 -0.00292969 0.0930176
v 0.0422363 -0.00585938 0.118164
v -0.0422363 -0.00585938 0.107178
v 0.046875 -0.00390625 0.052002
v 0 0.0290527 0.0334473
v 0 0.0297852 0.00854492
v 0 0.0258789 0.0515137
v 0.0412598 -0.00561523 0.0351562
v 0.0378418 -0.0297852 0.0339355
v -0.0412598 -0.00561523 0.0351562
v -0.0378418 -0.0297852 0.0339355
v 0.0449219 0.00854492 0.0344238
v -0.0449219 0.00854492 0.0344238
usemtl none
f 1 1 1 
f 1 1 1 
f 1 1 1 
f 1 1 1 
f 1 1 1 
f 19 54 85 
f 1 1 2 
f 19 54 85 
f 1 1 1 
f 1 1 1 
f 1 1 1 
f 1 1 1 
f 1 1 1 
f 1 1 1 
f 1 1 1 
f 1 1 1 
f 1 1 1 
f 1 1 1 
f 1 1 1 
f 1 1 1 
f 1 1 1 
f 1 1 1 
f 1 1 1 
f 1 1 1 
f 1 1 1 
f 1 1 1 
f 1 1 1 
f 1 1 1 
f 1 1 1 
f 1 1 1 
f 1 1 1 
f 1 1 1 
f 1 1 1 
f 1 1 1 
f 1 1 1 
f 1 1 1 
f 19 54 85 
f 1 1 1 
f 19 54 85 
f 1 1 1 
f 1 1 1 
f 1 1 1 
f 1 1 1 
f 1 1 1 
f 1 1 1 
f 1 1 1 
f 1 1 1 
f 1 1 1 
f 1 1 1 
f 1 1 1 
f 1 1 1 
f 1 1 1 
f 1 1 1 
f 1 1 1 
f 1 1 1 
f 1 1 1 
f 1 1 1 
f 1 1 1 
f 1 1 1 
f 1 1 1 
f 1 1 1 
f 1 1 1 
f 1 1 1 
f 1 1 1 
f 19 54 85 
f 1 1 1 
f 19 54 85 
f 1 1 1 
f 1 1 1 
f 1 1 1 
f 1 1 1 
f 1 1 1 
f 1 1 1 
f 1 1 1 
f 1 1 1 
f 1 1 1 
f 1 1 1 
f 1 1 1 
f 1 1 1 
f 1 1 1 
f 1 1 1 
f 1 1 1 
f 1 1 1 
f 1 1 1 
f 1 1 1 
f 1 1 1 
f 1 1 1 
f 1 1 1 
f 1 1 1 
f 1 1 1 
f 1 1 1 
f 1 1 1 
f 19 54 85 
f 1 1 1 
f 19 54 85 
f 1 1 1 
f 1 1 1 
f 1 1 1 
f 1 1 1 
f 1 1 1 
f 1 1 1 
f 1 1 1 
f 1 1 1 
f 1 1 1 
f 1 1 1 
f 1 1 1 
f 1 1 1 
f 1 1 1 
f 1 1 1 
f 1 1 1 
f 1 1 1 
f 1 1 1 
f 1 1 1 
f 1 1 1 
f 1 1 1 
f 1 1 1 
f 1 1 1 
f 1 1 1 
f 1 1 1 
f 1 1 1 
f 19 54 85 
f 1 1 1 
f 19 54 85 
f 1 1 1 
f 1 1 1 
f 1 1 1 
f 1 1 1 
f 1 1 1 
f 1 1 1 
f 1 1 1 
f 1 1 1 
f 1 1 1 
f 1 1 1 
f 1 1 1 
f 1 1 1 
f 1 1 1 
f 1 1 1 
f 1 1 1 
f 1 1 1 
f 1 1 1 
f 1 1 1 
f 1 1 1 
f 1 1 1 
f 1 1 1 
f 1 1 1 
f 1 1 1 
f 1 1 1 
f 1 1 1 
f 19 54 85 
f 1 1 1 
f 19 54 85 
f 1 1 1 
f 1 1 1 
f 1 1 1 
f 1 1 1 
f 1 1 1 
f 1 1 1 
f 1 1 1 
f 1 1 1 
f 1 1 1 
f 1 1 1 
f 1 1 1 
f 1 1 1 
f 1 1 1 
f 1 1 1 
f 1 1 1 
f 1 1 1 
f 1 1 1 
f 1 1 1 
f 1 1 1 
f 1 1 1 
f 1 1 1 
f 1 1 1 
f 1 1 1 
f 1 1 1 
f 1 1 1 
f 19 54 85 
f 1 1 1 
f 19 54 85 
f 1 1 1 
f 1 1 1 
f 1 1 1 
f 1 1 1 
f 1 1 1 
f 1 1 1 
f 1 1 1 
f 1 1 1 
f 1 1 1 
f 1 1 1 
f 1 1 1 
f 1 1 1 
f 1 1 1 
f 1 1 1 
f 1 1 1 
f 1 1 1 
f 1 1 1 
f 1 1 1 
f 1 1 1 
f 1 1 1 
f 1 1 1 
f 1 1 1 
f 1 1 1 
f 1 1 1 
f 1 1 1 
f 19 54 85 
f 1 1 1 
f 19 54 85 
f 1 1 1 
f 1 1 1 
f 1 1 1 
f 1 1 1 
f 1 1 1 
f 1 1 1 
f 1 1 1 
f 1 1 1 
f 1 1 1 
f 1 1 1 
f 1 1 1 
f 1 1 1 
