mtllib MODELPAGES.mtl
g CARMODEL_7_damaged
o CARMODEL_7_damaged
v -0.0537109 -0.00708008 0.0527344
v -0.0517578 -0.00708008 0.0795898
v -0.0476074 -0.0290527 0.088623
v -0.0449219 0.00488281 0.0910645
v -0.0456543 0.00927734 0.0693359
v -0.0373535 0.0249023 0.0422363
v -0.034668 0.0275879 0.0275879
v -0.034668 0.0263672 -0.0107422
v -0.0466309 0.00634766 -0.0441895
v -0.0466309 0.00390625 -0.0895996
v -0.0463867 0 -0.117676
v -0.0473633 -0.0148926 -0.118652
v -0.046875 -0.0161133 -0.12207
v -0.046875 -0.0251465 -0.12085
v -0.0517578 -0.0253906 -0.0991211
v -0.0517578 -0.00585938 -0.0898438
v -0.0517578 -0.00585938 -0.0656738
v -0.0476074 -0.0292969 -0.0559082
v -0.0407715 -0.0292969 -0.0444336
v -0.0407715 -0.0292969 0.0341797
v -0.0476074 -0.0292969 0.0424805
v -0.0478516 0.00561523 0.036377
v -0.0478516 0.00610352 0.0424805
v 0 -0.0251465 -0.113281
v 0.00195312 -0.0161133 -0.111572
v 0 -0.0148926 -0.110352
v 0 0.000976562 -0.109131
v 0 0.0209961 -0.0878906
v 0 0.0090332 -0.0483398
v 0 0.0283203 -0.015625
v 0 0.0292969 0.0275879
v 0 0.0266113 0.0437012
v 0 0.0109863 0.0703125
v -0.000488281 0.0148926 0.10083
v -0.000976562 0.00683594 0.115234
v -0.000244141 -0.00830078 0.112549
v -0.000244141 -0.00952148 0.116943
v 0 -0.0256348 0.111816
v -0.0319824 -0.0292969 0.0424805
v -0.0319824 -0.0292969 -0.0559082
v -0.0319824 -0.0253906 -0.0991211
v -0.032959 -0.0251465 -0.122314
v -0.0310059 -0.0161133 -0.120605
v -0.0361328 -0.0148926 -0.118408
v -0.0368652 0 -0.117432
v -0.0236816 -0.00830078 0.124512
v -0.0241699 -0.00952148 0.126465
v -0.0236816 -0.0270996 0.123535
v -0.0319824 -0.0290527 0.088623
v -0.0424805 0.00146484 0.109863
v -0.046875 -0.00830078 0.116211
v -0.0456543 -0.00952148 0.120117
v -0.0446777 -0.0268555 0.115234
v -0.0495605 -0.00854492 0.032959
v -0.0480957 -0.00756836 -0.0422363
v -0.0476074 -0.0280762 0.106445
v -0.0466309 0.0185547 -0.0878906
v -0.0463867 0.0183105 0.0883789
v -0.0349121 0.0185547 0.0881348
v -0.0334473 0.000244141 0.118408
v 0.0466309 0.0185547 -0.0878906
v 0.0456543 0 -0.123047
v 0.032959 0 -0.122314
v 0.0466309 0.00634766 -0.0441895
v 0.0327148 -0.0148926 -0.123291
v 0.046875 -0.0148926 -0.124268
v 0.0344238 0.0263672 -0.0107422
v 0.034668 0.0185547 0.0881348
v 0.0456543 0.00927734 0.0693359
v 0.0458984 0.0183105 0.0883789
v 0.0334473 0.000244141 0.118408
v 0.0432129 0.00146484 0.116943
v 0.0234375 -0.00830078 0.124512
v 0.0476074 -0.00830078 0.123291
v 0.0373535 0.0249023 0.0422363
v 0.046875 -0.0280762 0.10498
v 0.0454102 -0.00952148 0.127441
v 0.0446777 -0.0268555 0.12085
v 0.0449219 0.00488281 0.0910645
v 0.0466309 0.00390625 -0.0895996
v 0.0537109 -0.00708008 0.0527344
v 0.0478516 0.00610352 0.0424805
v 0.0517578 -0.00708008 0.0795898
v 0.0319824 -0.0290527 0.088623
v 0.0473633 -0.0290527 0.088623
v 0.0229492 -0.0270996 0.12207
v 0.0412598 -0.0292969 0.0341797
v 0.0473633 -0.0292969 0.0424805
v 0.0319824 -0.0292969 0.0424805
v 0.0290527 -0.0251465 -0.127197
v 0.0319824 -0.0253906 -0.0991211
v 0.0412598 -0.0292969 -0.0444336
v 0.0319824 -0.0292969 -0.0559082
v 0.0473633 -0.0292969 -0.0559082
v 0.0495605 -0.00854492 0.032959
v 0.0480957 -0.00756836 -0.0422363
v 0.0478516 0.00561523 0.036377
v 0.0517578 -0.00585938 -0.0656738
v 0.0229492 -0.00952148 0.126465
v 0.0517578 -0.00585938 -0.0898438
v 0.0517578 -0.0253906 -0.0991211
v 0.0473633 -0.0251465 -0.126221
v 0.0310059 -0.0161133 -0.125488
v 0.0473633 -0.0161133 -0.127441
v 0.0344238 0.0275879 0.0275879
v -0.0539551 -0.00830078 0.0424805
v 0.0539551 -0.00830078 0.0424805
usemtl none
f 1 1 1 
f 19 54 85 
f 1 1 2 
f 19 54 85 
f 1 1 1 
f 1 1 1 
f 1 1 1 
f 1 1 1 
f 1 1 1 
f 1 1 1 
f 1 1 1 
f 1 1 1 
f 1 1 1 
f 1 1 1 
f 1 1 1 
f 1 1 1 
f 1 1 1 
f 1 1 1 
f 1 1 1 
f 1 1 1 
f 1 1 1 
f 1 1 1 
f 1 1 1 
f 1 1 1 
f 1 1 1 
f 1 1 1 
f 1 1 1 
f 1 1 1 
f 1 1 1 
f 1 1 1 
f 1 1 1 
f 1 1 1 
f 19 54 85 
f 1 1 1 
f 19 54 85 
f 1 1 1 
f 1 1 1 
f 1 1 1 
f 1 1 1 
f 1 1 1 
f 1 1 1 
f 1 1 1 
f 1 1 1 
f 1 1 1 
f 1 1 1 
f 1 1 1 
f 1 1 1 
f 1 1 1 
f 1 1 1 
f 1 1 1 
f 1 1 1 
f 1 1 1 
f 1 1 1 
f 1 1 1 
f 1 1 1 
f 1 1 1 
f 1 1 1 
f 1 1 1 
f 1 1 1 
f 1 1 1 
f 19 54 85 
f 1 1 1 
f 19 54 85 
f 1 1 1 
f 1 1 1 
f 1 1 1 
f 1 1 1 
f 1 1 1 
f 1 1 1 
f 1 1 1 
f 1 1 1 
f 1 1 1 
f 1 1 1 
f 1 1 1 
f 1 1 1 
f 1 1 1 
f 1 1 1 
f 1 1 1 
f 1 1 1 
f 1 1 1 
f 1 1 1 
f 1 1 1 
f 1 1 1 
f 1 1 1 
f 1 1 1 
f 1 1 1 
f 1 1 1 
f 1 1 1 
f 19 54 85 
f 1 1 1 
f 19 54 85 
f 1 1 1 
f 1 1 1 
f 1 1 1 
f 1 1 1 
f 1 1 1 
f 1 1 1 
f 1 1 1 
f 1 1 1 
f 1 1 1 
f 1 1 1 
f 1 1 1 
f 1 1 1 
f 1 1 1 
f 1 1 1 
f 1 1 1 
f 1 1 1 
f 1 1 1 
f 1 1 1 
f 1 1 1 
f 1 1 1 
f 1 1 1 
f 1 1 1 
f 1 1 1 
f 1 1 1 
f 1 1 1 
f 19 54 85 
f 1 1 1 
f 19 54 85 
f 1 1 1 
f 1 1 1 
f 1 1 1 
f 1 1 1 
f 1 1 1 
f 1 1 1 
f 1 1 1 
f 1 1 1 
f 1 1 1 
f 1 1 1 
f 1 1 1 
f 1 1 1 
f 1 1 1 
f 1 1 1 
f 1 1 1 
f 1 1 1 
f 1 1 1 
f 1 1 1 
f 1 1 1 
f 1 1 1 
f 1 1 1 
f 1 1 1 
f 1 1 1 
f 1 1 1 
f 1 1 1 
f 19 54 85 
f 1 1 1 
f 19 54 85 
f 1 1 1 
f 1 1 1 
f 1 1 1 
f 1 1 1 
f 1 1 1 
f 1 1 1 
f 1 1 1 
f 1 1 1 
f 1 1 1 
f 1 1 1 
f 1 1 1 
f 1 1 1 
f 1 1 1 
f 1 1 1 
f 1 1 1 
f 1 1 1 
f 1 1 1 
f 1 1 1 
f 1 1 1 
f 1 1 1 
f 1 1 1 
f 1 1 1 
f 1 1 1 
f 1 1 1 
f 1 1 1 
f 19 54 85 
f 1 1 1 
f 19 54 85 
f 1 1 1 
f 1 1 1 
f 1 1 1 
f 1 1 1 
f 1 1 1 
f 1 1 1 
f 1 1 1 
f 1 1 1 
f 1 1 1 
f 1 1 1 
f 1 1 1 
f 1 1 1 
f 1 1 1 
f 1 1 1 
f 1 1 1 
f 1 1 1 
f 1 1 1 
f 1 1 1 
f 1 1 1 
f 1 1 1 
f 1 1 1 
f 1 1 1 
f 1 1 1 
