mtllib MODELPAGES.mtl
g CARMODEL_6_damaged
o CARMODEL_6_damaged
v -0.052002 -0.0109863 0.0632324
v -0.0500488 -0.0109863 0.0905762
v -0.0458984 -0.0300293 0.0998535
v -0.0456543 0.00439453 0.102295
v -0.0458984 0.00878906 0.0708008
v -0.0351562 0.0253906 0.060791
v -0.0351562 0.0280762 0.0385742
v -0.0351562 0.0266113 -0.00805664
v -0.0473633 0.00366211 -0.0385742
v -0.0458984 -0.000732422 -0.081543
v -0.0432129 -0.00415039 -0.108398
v -0.0458984 -0.0163574 -0.112061
v -0.0458984 -0.0178223 -0.117188
v -0.0458984 -0.0273438 -0.118408
v -0.0500488 -0.0300293 -0.103027
v -0.0500488 -0.00976562 -0.0976562
v -0.0500488 -0.00976562 -0.0688477
v -0.0458984 -0.03125 -0.0563965
v -0.041748 -0.03125 -0.0415039
v -0.0375977 -0.03125 0.0385742
v -0.0458984 -0.03125 0.0527344
v -0.0488281 0.00317383 0.0383301
v -0.0488281 0.00341797 0.0527344
v 0 -0.0273438 -0.116455
v 0 -0.0178223 -0.11499
v 0 -0.0163574 -0.110107
v 0 -0.00146484 -0.106201
v 0 0.0185547 -0.081543
v 0 0.00561523 -0.0456543
v 0 0.029541 -0.0131836
v 0 0.03125 0.0385742
v 0 0.0285645 0.0625
v 0 0.0107422 0.0734863
v 0 0.0180664 0.0981445
v 0 0.00292969 0.104736
v 0 -0.0273438 0.117676
v -0.0324707 -0.03125 0.0527344
v -0.0324707 -0.03125 -0.0563965
v -0.0324707 -0.0300293 -0.103027
v -0.0244141 -0.0273438 -0.121826
v -0.0244141 -0.0178223 -0.120605
v -0.0244141 -0.0163574 -0.115479
v -0.0244141 -0.00244141 -0.112061
v -0.0270996 0.0185547 -0.081543
v -0.0270996 0.00512695 -0.0439453
v -0.0187988 0.0288086 -0.0117188
v -0.0187988 0.0300293 0.0385742
v -0.0187988 0.0273438 0.0620117
v -0.0270996 0.010498 0.0720215
v -0.0270996 0.0144043 0.10083
v -0.0270996 0.00219727 0.110352
v -0.0270996 -0.0151367 0.117676
v -0.0270996 -0.0163574 0.12207
v -0.0270996 -0.0273438 0.123291
v -0.0324707 -0.0300293 0.0998535
v -0.0439453 0.000732422 0.110352
v -0.048584 -0.0151367 0.116455
v -0.0471191 -0.0163574 0.120361
v -0.0461426 -0.0273438 0.121826
v -0.0432129 -0.0114746 0.0385742
v -0.0466309 -0.0107422 -0.0402832
v -0.0488281 -0.0141602 0.102295
v -0.0458984 -0.0290527 0.106934
v -0.0456543 0.0163574 -0.081543
v -0.0441895 0.0119629 0.101562
v 0.0458984 -0.0290527 0.106934
v 0.0488281 -0.0141602 0.102295
v 0.048584 -0.0151367 0.111084
v 0.0471191 -0.0163574 0.11499
v 0.0461426 -0.0273438 0.116455
v 0.0458984 0.00878906 0.0708008
v 0.0270996 0.010498 0.0720215
v 0.0270996 0.017334 0.10083
v 0.0441895 0.0146484 0.101562
v 0.0456543 0.00439453 0.102295
v 0.0439453 0.000732422 0.108887
v 0.0270996 0.00219727 0.108887
v 0.0473633 0.00366211 -0.0385742
v 0.0458984 -0.000732422 -0.081543
v 0.0456543 0.0107422 -0.081543
v 0.0446777 -0.00415039 -0.108398
v 0.0241699 -0.00244141 -0.113281
v 0.0270996 0.0131836 -0.081543
v 0.0270996 0.00512695 -0.0439453
v 0.052002 -0.0109863 0.0632324
v 0.0488281 0.00341797 0.0527344
v 0.0500488 -0.0109863 0.0905762
v 0.0324707 -0.0300293 0.0998535
v 0.0458984 -0.0300293 0.0998535
v 0.0270996 -0.0273438 0.117676
v 0.0375977 -0.03125 0.0385742
v 0.0458984 -0.03125 0.0527344
v 0.0324707 -0.03125 0.0527344
v 0.0241699 -0.0163574 -0.116943
v 0.0473633 -0.0163574 -0.112061
v 0.0241699 -0.0273438 -0.123291
v 0.0324707 -0.0300293 -0.103027
v 0.041748 -0.03125 -0.0415039
v 0.0324707 -0.03125 -0.0563965
v 0.0458984 -0.03125 -0.0563965
v 0.0432129 -0.0114746 0.0385742
v 0.0466309 -0.0107422 -0.0402832
v 0.0488281 0.00317383 0.0383301
v 0.0500488 -0.00976562 -0.0688477
v 0.0270996 -0.0151367 0.112305
v 0.0270996 -0.0163574 0.116455
v 0.0500488 -0.00976562 -0.0976562
v 0.0500488 -0.0300293 -0.103027
v 0.0473633 -0.0273438 -0.118408
v 0.0241699 -0.0178223 -0.12207
v 0.0473633 -0.0178223 -0.117188
v 0.0187988 0.0288086 -0.0117188
v 0.0351562 0.0266113 -0.00805664
v 0.0187988 0.0300293 0.0385742
v 0.0351562 0.0280762 0.0385742
v 0.0187988 0.0273438 0.0620117
v 0.0351562 0.0253906 0.060791
v 0.0522461 -0.0109863 0.0529785
v -0.0522461 -0.0109863 0.0529785
v 0 -0.0151367 0.111816
v 0 -0.0163574 0.116699
usemtl none
