mtllib MODELPAGES.mtl
g CARMODEL_2_damaged
o CARMODEL_2_damaged
v -0.0170898 -0.0178223 0.10376
v 0.0166016 0.0310059 0.0102539
v 0.0134277 -0.0178223 0.107422
v 0.0283203 -0.0229492 0.0908203
v -0.0283203 -0.0229492 0.0908203
v 0.0373535 -0.0178223 0.108398
v 0.0446777 -0.0229492 0.0908203
v -0.0446777 -0.0178223 0.108398
v -0.0446777 -0.0229492 0.0908203
v -0.0170898 0.00585938 0.110107
v -0.0170898 0.0212402 0.102783
v 0.0170898 0.0187988 0.100342
v 0.0134277 0.00585938 0.117432
v -0.0170898 0.013916 0.0859375
v 0.0170898 0.013916 0.0859375
v -0.0446777 0.00463867 0.112305
v 0.0373535 0.00463867 0.112305
v 0.0422363 0.0124512 0.0803223
v -0.0422363 0.0124512 0.0803223
v 0.0336914 -0.0305176 0.0102539
v -0.0170898 -0.00244141 0.11377
v -0.0446777 -0.00244141 0.115967
v 0.0488281 -0.00585938 0.0847168
v 0.0446777 0.00878906 0.10083
v -0.0488281 -0.00585938 0.0847168
v -0.0446777 0.00878906 0.10083
v 0.0134277 -0.00244141 0.121094
v 0.0373535 -0.00244141 0.115967
v 0.0373535 -0.00341797 0.117432
v 0.0134277 -0.00341797 0.122803
v 0.0283203 -0.0256348 0.0505371
v 0.0134277 -0.0112305 0.122314
v 0.0373535 -0.0112305 0.117188
v -0.0170898 -0.00341797 0.115479
v -0.0170898 -0.0112305 0.11499
v -0.0446777 -0.00341797 0.116211
v -0.0446777 -0.0112305 0.117188
v 0.0178223 0.00317383 -0.101318
v 0.0153809 -0.00463867 -0.110107
v 0.0407715 -0.00854492 -0.109375
v 0.0432129 0.00195312 -0.100586
v 0.0170898 0.00927734 -0.0371094
v 0.020752 0.015625 -0.0705566
v 0.0446777 0.015625 -0.0803223
v 0.0446777 0.00805664 -0.0288086
v -0.0178223 0.00317383 -0.111084
v -0.0202637 -0.00219727 -0.119873
v -0.0170898 0.00927734 -0.0371094
v -0.0183105 0.0180664 -0.0754395
v -0.0432129 -0.0012207 -0.114258
v -0.046875 0.00683594 -0.103027
v -0.0446777 0.0205078 -0.0681152
v -0.0446777 0.00805664 -0.0288086
v 0.0283203 -0.0263672 -0.0983887
v 0.0283203 -0.0310059 -0.057373
v 0.0488281 -0.00952148 -0.0634766
v 0.043457 -0.0090332 -0.0881348
v -0.0283203 -0.0263672 -0.0983887
v -0.0471191 -0.0090332 -0.0939941
v -0.0488281 -0.00952148 -0.0634766
v -0.0283203 -0.0310059 -0.057373
v 0.0153809 -0.0273438 -0.105225
v 0.0407715 -0.0273438 -0.104248
v -0.0446777 -0.0256348 0.0505371
v 0.0349121 0.0283203 0.0102539
v 0.0446777 -0.0256348 0.0505371
v -0.0432129 -0.0273438 -0.109131
v -0.0205078 -0.0273438 -0.114502
v 0.0339355 0.0280762 -0.00756836
v 0.0446777 -0.0310059 -0.057373
v 0.0429688 -0.0263672 -0.0935059
v -0.0446777 -0.0310059 -0.057373
v -0.0471191 -0.0263672 -0.0983887
v -0.0349121 0.0283203 0.0102539
v 0.0153809 -0.0151367 -0.109131
v 0.0407715 -0.0151367 -0.108398
v -0.0339355 0.0280762 -0.00756836
v 0.0153809 -0.0170898 -0.113037
v 0.0407715 -0.0170898 -0.112305
v -0.0166016 0.0310059 0.0102539
v -0.0202637 -0.0151367 -0.118896
v -0.0202637 -0.0170898 -0.122803
v 0.0161133 0.0305176 -0.010498
v -0.0432129 -0.0151367 -0.113281
v -0.0432129 -0.0170898 -0.117188
v 0.0378418 -0.0114746 -0.0317383
v -0.0378418 -0.0114746 -0.0268555
v 0.0446777 -0.0307617 -0.0292969
v -0.0446777 -0.0307617 -0.0292969
v -0.0288086 -0.0305176 0.0151367
v 0.0458984 0.00805664 0.0102539
v -0.0458984 0.00805664 0.0102539
v -0.0161133 0.0305176 -0.010498
v 0.0446777 0.00805664 0.0476074
v 0.0356445 0.0258789 0.0458984
v -0.0356445 0.0258789 0.0458984
v -0.0446777 0.00805664 0.0476074
v 0.032959 -0.0102539 0.0102539
v -0.032959 -0.0102539 0.0151367
v 0.0488281 -0.00756836 0.0563965
v -0.0488281 -0.00756836 0.0563965
v -0.0283203 -0.0256348 0.0505371
v 0.0170898 0.0283203 0.0515137
v 0.0375977 0.020752 0.0605469
v 0.0170898 0.0227051 0.0661621
v -0.0375977 0.020752 0.0605469
v -0.0170898 0.0283203 0.0515137
v -0.0170898 0.0227051 0.0661621
v 0.0427246 0.0246582 0.0986328
v -0.0437012 0.0187988 0.101074
usemtl none
