mtllib MODELPAGES.mtl
g CARMODEL_6_damaged
o CARMODEL_6_damaged
v -0.0490723 0.0280762 0.0532227
v -0.0473633 0.0280762 0.0778809
v -0.043457 0.0134277 0.0859375
v -0.0410156 0.0407715 0.0883789
v -0.0390625 0.0441895 0.0683594
v -0.0317383 0.0561523 0.0534668
v -0.0317383 0.0598145 0.0361328
v -0.0317383 0.0610352 0.0302734
v -0.0317383 0.0598145 -0.00488281
v -0.0427246 0.0402832 -0.0354004
v -0.0415039 0.0385742 -0.0771484
v -0.0400391 0.036377 -0.115967
v -0.0446777 0.0231934 -0.116699
v -0.0446777 0.0217285 -0.122559
v -0.0446777 0.0146484 -0.123779
v -0.0473633 0.012207 -0.0939941
v -0.0473633 0.0292969 -0.0854492
v -0.0473633 0.0292969 -0.0632324
v -0.043457 0.00854492 -0.0544434
v -0.043457 0.00854492 -0.0356445
v -0.043457 0.00854492 0.0307617
v -0.043457 0.00854492 0.0437012
v -0.0439453 0.0407715 0.0332031
v -0.0439453 0.0410156 0.0437012
v 0 0.0146484 -0.125732
v 0 0.0217285 -0.124756
v 0 0.0231934 -0.118896
v 0 0.0366211 -0.11792
v 0 0.0402832 -0.0771484
v 0 0.0427246 -0.0393066
v 0 0.0615234 -0.00927734
v 0 0.0625 0.0302734
v 0 0.0612793 0.036377
v 0 0.0576172 0.0549316
v 0 0.0478516 0.0703125
v 0 0.0402832 0.0876465
v 0 0.0368652 0.114746
v 0 0.0244141 0.120361
v 0 0.0231934 0.124268
v 0 0.0158691 0.125244
v -0.0292969 0.00854492 0.0437012
v -0.0292969 0.00854492 -0.0544434
v -0.0292969 0.012207 -0.0939941
v -0.0134277 0.0146484 -0.123779
v -0.0134277 0.0217285 -0.122559
v -0.0134277 0.0231934 -0.116699
v -0.0134277 0.0366211 -0.115967
v -0.0214844 0.0244141 0.119141
v -0.0214844 0.0231934 0.123047
v -0.0214844 0.0158691 0.124268
v -0.0292969 0.0134277 0.0859375
v -0.0395508 0.0388184 0.112549
v -0.043457 0.0244141 0.118164
v -0.0422363 0.0231934 0.121826
v -0.0415039 0.0158691 0.123047
v -0.0498047 0.0275879 0.0319824
v -0.0483398 0.0283203 -0.0356445
v -0.0461426 0.0270996 0.0976562
v -0.043457 0.0141602 0.102295
v -0.0410156 0.0393066 -0.0771484
v -0.0397949 0.0410156 0.0881348
v -0.036377 0.0456543 0.0688477
v -0.0300293 0.0400391 0.0881348
v -0.0305176 0.036377 0.113525
v 0.0410156 0.0393066 -0.0771484
v 0.0400391 0.036377 -0.115967
v 0.0134277 0.0366211 -0.115967
v 0.0427246 0.0402832 -0.0354004
v 0.0134277 0.0231934 -0.116699
v 0.0446777 0.0231934 -0.116699
v 0.0317383 0.0598145 -0.00488281
v 0.036377 0.0456543 0.0688477
v 0.0300293 0.0400391 0.0881348
v 0.0390625 0.0441895 0.0683594
v 0.0397949 0.0410156 0.0881348
v 0.0305176 0.036377 0.113525
v 0.0395508 0.0388184 0.112549
v 0.0214844 0.0244141 0.119141
v 0.043457 0.0244141 0.118164
v 0.0317383 0.0561523 0.0534668
v 0.043457 0.0141602 0.102295
v 0.0461426 0.0270996 0.0976562
v 0.0422363 0.0231934 0.121826
v 0.0415039 0.0158691 0.123047
v 0.0410156 0.0407715 0.0883789
v 0.0415039 0.0385742 -0.0771484
v 0.0490723 0.0280762 0.0532227
v 0.0439453 0.0410156 0.0437012
v 0.0473633 0.0280762 0.0778809
v 0.0292969 0.0134277 0.0859375
v 0.043457 0.0134277 0.0859375
v 0.0214844 0.0158691 0.124268
v 0.043457 0.00854492 0.0307617
v 0.043457 0.00854492 0.0437012
v 0.0292969 0.00854492 0.0437012
v 0.0134277 0.0146484 -0.123779
v 0.0292969 0.012207 -0.0939941
v 0.043457 0.00854492 -0.0356445
v 0.0292969 0.00854492 -0.0544434
v 0.043457 0.00854492 -0.0544434
v 0.0498047 0.0275879 0.0319824
v 0.0483398 0.0283203 -0.0356445
v 0.0439453 0.0407715 0.0332031
v 0.0473633 0.0292969 -0.0632324
v 0.0214844 0.0231934 0.123047
v 0.0473633 0.0292969 -0.0854492
v 0.0473633 0.012207 -0.0939941
v 0.0446777 0.0146484 -0.123779
v 0.0134277 0.0217285 -0.122559
v 0.0446777 0.0217285 -0.122559
v 0.0317383 0.0610352 0.0302734
v 0.0317383 0.0598145 0.0361328
v -0.0197754 0.0244141 0.119385
v -0.0197754 0.0231934 0.123291
v -0.0197754 0.0158691 0.124268
v 0.0200195 0.0244141 0.119385
v 0.0197754 0.0231934 0.123291
v 0.0197754 0.0158691 0.124268
v -0.0493164 0.027832 0.0437012
v 0.0493164 0.027832 0.0437012
v -0.0214844 0.0249023 0.124512
v -0.0197754 0.0249023 0.124756
v 0.0197754 0.0249023 0.124756
v 0.0214844 0.0249023 0.124512
v -0.0214844 0.0158691 0.125977
v -0.0197754 0.0158691 0.125977
v 0.0197754 0.0158691 0.125977
v 0.0214844 0.0158691 0.125977
vn -0.990479 -0.137451 0.00317383
vn 0.990479 -0.137451 0.00317383
vn 0.94873 0.233398 0.212158
vn -0.621094 0.783447 0
vn 0.621094 0.783447 0
vn 0.993408 0.0112305 -0.112061
vn -0.993408 0.0112305 -0.112061
vn 0.00463867 0.995117 0.0979004
vn -0 0.994385 0.10376
vn -0.00463867 0.995117 0.0979004
vn -0.299561 -0.951904 -0.0629883
vn 0.688232 0.130859 0.713379
vn -0.973633 -0.0507812 0.222168
vn -0.688232 0.130859 0.713379
vn 0.995361 -0.0268555 0.0905762
vn 0.571289 -0.81665 0.0803223
vn -0.571289 -0.81665 0.0803223
vn 0.767822 0.640137 0.0192871
vn 0.698242 0.715088 -0.0253906
vn -0.719482 0.694336 -0.0012207
vn -0.74707 0.664551 -0.00195312
vn -0.103516 -0.151611 -0.98291
vn 0.103516 -0.151611 -0.98291
vn -0.178711 -0 -0.983643
vn -0.0288086 -0.380615 -0.924072
vn -0.0874023 -0.425293 -0.900635
vn 0.0874023 -0.425293 -0.900635
vn 0.0288086 -0.380615 -0.924072
vn 0.178711 -0 -0.983643
vn -0.969727 -0.244141 -0.00195312
vn 0.954346 -0.296143 -0.0373535
vn -0.851562 -0.523438 -0.0227051
vn 0.851074 -0.52417 -0.0231934
vn -0 0.994141 0.107666
vn -0.013916 0.994873 0.0979004
vn -0 0.999512 0.0302734
vn -0 0.999756 0
vn -0 1 0
vn -0 1 0
vn -0 1 0
vn -0 1 0
vn -0 1 0
vn -0 1 0
vn -0 0.999268 -0.0354004
vn -0.0942383 -0.99292 0.0700684
vn -0.0895996 -0.990479 0.102539
vn -0.00439453 -0.998535 -0.0510254
vn 0.0725098 -0.993408 -0.0878906
vn -0.942139 -0.334229 0.0222168
vn 0.945801 -0.32373 0.0163574
vn -0.029541 -0.987061 0.156982
vn 0.0893555 -0.990234 0.10498
vn -0.954346 -0.296143 -0.0373535
vn -0.958984 -0.273682 -0.0710449
vn 0.958984 -0.273682 -0.0710449
vn 0.969727 -0.244141 -0.00195312
vn -0.0505371 -0.694336 -0.717529
vn -0.671875 -0.587646 -0.450439
vn -0 0.13208 -0.991211
vn -0.164062 -0.980713 0.10498
vn -0.164062 -0.980469 0.106689
vn -0.263672 -0.809326 0.524414
vn -0.195557 -0.817871 0.540527
vn -0 0.293945 0.955566
vn -0 0.0498047 -0.998535
vn -0 0.184082 0.982666
vn 0.000488281 -0.98999 -0.140625
vn -0.279053 -0.948242 -0.150879
vn 0.000244141 -0.996094 -0.0881348
vn 0.000244141 -0.990967 -0.132568
vn -0.975098 -0.221436 0.000244141
vn -0.956787 -0.290527 -0.00244141
vn -0.050293 -0.826904 0.559814
vn -0.00854492 -0.998047 0.0578613
vn -0.0576172 -0.997559 0.0349121
vn -0.0371094 -0.998047 -0.0476074
vn -0.0576172 -0.99707 -0.048584
vn -0.0524902 -0.694336 -0.717529
vn -0.85083 -0.524658 0.0183105
vn -0.966064 -0.256836 0.0180664
vn 0.0881348 -0.678467 -0.729004
vn 0.671875 -0.587646 -0.450439
vn -0 0.13208 -0.991211
vn 0.164062 -0.980713 0.10498
vn 0.164062 -0.980469 0.106689
vn 0.263672 -0.809326 0.524414
vn 0.148682 -0.833496 0.531982
vn -0.0786133 -0.995605 -0.0490723
vn -0.317871 -0.947998 -0.00634766
vn 0.299561 -0.951904 -0.0629883
vn -0 0.293945 0.955566
vn -0 0.0498047 -0.998535
vn -0 0.184082 0.982666
vn 0.279053 -0.948242 -0.150879
vn 0.00488281 -0.989502 -0.143799
vn 0.017334 -0.99585 -0.0881348
vn 0.0144043 -0.989258 -0.143799
vn 0.975098 -0.221436 0.000244141
vn 0.956787 -0.290527 -0.00244141
vn 0.0808105 -0.835938 0.54248
vn 0.0371094 -0.998535 0.0373535
vn 0.0544434 -0.997803 0.0373535
vn 0.0388184 -0.997803 -0.048584
vn 0.0478516 -0.997803 -0.043457
vn 0.052002 -0.69458 -0.717285
vn 0.853027 -0.520752 0.0234375
vn 0.966064 -0.256836 0.0180664
vn -0.419922 -0.574463 0.702148
vn -0 -0.744385 0.66748
vn -0 -0.110107 0.993652
vn -0.264893 -0.131592 0.955078
vn 0.435547 -0.57666 0.690918
vn 0.264893 -0.131592 0.955078
vn -0.983154 -0.182129 0.0136719
vn -0.992676 -0.119141 -0.0119629
vn -0.947266 -0.31958 -0.0065918
vn -0.799561 -0.58667 0.127441
vn -0.106445 -0.962646 -0.248047
vn -0.824219 -0.554932 -0.111084
vn -0.489746 -0.869141 -0.0664062
vn 0.127197 -0.988281 -0.0820312
vn -0.285645 -0.866455 -0.408691
vn 0.116211 -0.742188 -0.659912
vn 0.285645 -0.866455 -0.408691
vn 0.631348 -0.772461 -0.0683594
vn -0.118896 -0.990234 -0.0710449
vn -0.11499 -0.741943 -0.6604
vn -0.0354004 -0.271484 -0.96167
usemtl none
f 1 1 1 
