mtllib MODELPAGES.mtl
g CARMODEL_8_damaged
o CARMODEL_8_damaged
v -0.0490723 0.0280762 0.0532227
v -0.0473633 0.0280762 0.0778809
v -0.043457 0.0134277 0.0859375
v -0.0410156 0.0407715 0.0883789
v -0.0390625 0.0441895 0.0683594
v -0.0317383 0.0561523 0.0534668
v -0.0317383 0.0598145 0.0361328
v -0.0317383 0.0610352 0.0302734
v -0.0317383 0.0598145 -0.00488281
v -0.0427246 0.0402832 -0.0354004
v -0.0415039 0.0385742 -0.0771484
v -0.0400391 0.036377 -0.115967
v -0.0446777 0.0231934 -0.116699
v -0.0446777 0.0217285 -0.122559
v -0.0446777 0.0146484 -0.123779
v -0.0473633 0.012207 -0.0939941
v -0.0473633 0.0292969 -0.0854492
v -0.0473633 0.0292969 -0.0632324
v -0.043457 0.00854492 -0.0544434
v -0.043457 0.00854492 -0.0356445
v -0.043457 0.00854492 0.0307617
v -0.043457 0.00854492 0.0437012
v -0.0439453 0.0407715 0.0332031
v -0.0439453 0.0410156 0.0437012
v 0 0.0146484 -0.125732
v 0 0.0217285 -0.124756
v 0 0.0231934 -0.118896
v 0 0.0366211 -0.11792
v 0 0.0402832 -0.0771484
v 0 0.0427246 -0.0393066
v 0 0.0615234 -0.00927734
v 0 0.0625 0.0302734
v 0 0.0612793 0.036377
v 0 0.0576172 0.0549316
v 0 0.0478516 0.0703125
v 0 0.0402832 0.0876465
v 0 0.0368652 0.114746
v 0 0.0244141 0.120361
v 0 0.0231934 0.124268
v 0 0.0158691 0.125244
v -0.0292969 0.00854492 0.0437012
v -0.0292969 0.00854492 -0.0544434
v -0.0292969 0.012207 -0.0939941
v -0.0134277 0.0146484 -0.123779
v -0.0134277 0.0217285 -0.122559
v -0.0134277 0.0231934 -0.116699
v -0.0134277 0.0366211 -0.115967
v -0.0214844 0.0244141 0.119141
v -0.0214844 0.0231934 0.123047
v -0.0214844 0.0158691 0.124268
v -0.0292969 0.0134277 0.0859375
v -0.0395508 0.0388184 0.112549
v -0.043457 0.0244141 0.118164
v -0.0422363 0.0231934 0.121826
v -0.0415039 0.0158691 0.123047
v -0.0498047 0.0275879 0.0319824
v -0.0483398 0.0283203 -0.0356445
v -0.0461426 0.0270996 0.0976562
v -0.043457 0.0141602 0.102295
v -0.0410156 0.0393066 -0.0771484
v -0.0397949 0.0410156 0.0881348
v -0.036377 0.0456543 0.0688477
v -0.0300293 0.0400391 0.0881348
v -0.0305176 0.036377 0.113525
v 0.0410156 0.0393066 -0.0771484
v 0.0400391 0.036377 -0.115967
v 0.0134277 0.0366211 -0.115967
v 0.0427246 0.0402832 -0.0354004
v 0.0134277 0.0231934 -0.116699
v 0.0446777 0.0231934 -0.116699
v 0.0317383 0.0598145 -0.00488281
v 0.036377 0.0456543 0.0688477
v 0.0300293 0.0400391 0.0881348
v 0.0390625 0.0441895 0.0683594
v 0.0397949 0.0410156 0.0881348
v 0.0305176 0.036377 0.113525
v 0.0395508 0.0388184 0.112549
v 0.0214844 0.0244141 0.119141
v 0.043457 0.0244141 0.118164
v 0.0317383 0.0561523 0.0534668
v 0.043457 0.0141602 0.102295
v 0.0461426 0.0270996 0.0976562
v 0.0422363 0.0231934 0.121826
v 0.0415039 0.0158691 0.123047
v 0.0410156 0.0407715 0.0883789
v 0.0415039 0.0385742 -0.0771484
v 0.0490723 0.0280762 0.0532227
v 0.0439453 0.0410156 0.0437012
v 0.0473633 0.0280762 0.0778809
v 0.0292969 0.0134277 0.0859375
v 0.043457 0.0134277 0.0859375
v 0.0214844 0.0158691 0.124268
v 0.043457 0.00854492 0.0307617
v 0.043457 0.00854492 0.0437012
v 0.0292969 0.00854492 0.0437012
v 0.0134277 0.0146484 -0.123779
v 0.0292969 0.012207 -0.0939941
v 0.043457 0.00854492 -0.0356445
v 0.0292969 0.00854492 -0.0544434
v 0.043457 0.00854492 -0.0544434
v 0.0498047 0.0275879 0.0319824
v 0.0483398 0.0283203 -0.0356445
v 0.0439453 0.0407715 0.0332031
v 0.0473633 0.0292969 -0.0632324
v 0.0214844 0.0231934 0.123047
v 0.0473633 0.0292969 -0.0854492
v 0.0473633 0.012207 -0.0939941
v 0.0446777 0.0146484 -0.123779
v 0.0134277 0.0217285 -0.122559
v 0.0446777 0.0217285 -0.122559
v 0.0317383 0.0610352 0.0302734
v 0.0317383 0.0598145 0.0361328
v -0.0197754 0.0244141 0.119385
v -0.0197754 0.0231934 0.123291
v -0.0197754 0.0158691 0.124268
v 0.0200195 0.0244141 0.119385
v 0.0197754 0.0231934 0.123291
v 0.0197754 0.0158691 0.124268
v -0.0493164 0.027832 0.0437012
v 0.0493164 0.027832 0.0437012
v -0.0214844 0.0249023 0.124512
v -0.0197754 0.0249023 0.124756
v 0.0197754 0.0249023 0.124756
v 0.0214844 0.0249023 0.124512
v -0.0214844 0.0158691 0.125977
v -0.0197754 0.0158691 0.125977
v 0.0197754 0.0158691 0.125977
v 0.0214844 0.0158691 0.125977
vn 3.5144 3.77515 5.59985
vn 3.41553 -5.1731 -3.22925
vn 7.71851 -4.28223 -3.93066
vn -5.78418 -4.80664 -3.38086
vn 7.24585 -6.3623 -5.4668
vn 5.71973 -6.52417 -7.88721
vn -4.07568 3.88867 0
vn -0 -0 0
vn -0 -0 0
vn -0 -0 0
vn -0 -0 0
vn -0 -0 0
vn -0 -0 0
vn -0 -0 0
vn -0 -0 5.66528
vn -5.4873 3.21191 5.47388
vn 3.21387 3.77515 -5.65015
vn 3.6377 -5.33496 7.7981
vn 4.26758 -4.5166 6.08496
vn -2.802 7.44385 -3.2146
vn -1.56836 3.23975 -1.00146
vn 3.23291 -6.38721 -7.28613
vn 4.80713 0.904297 0
vn -0 -0 0
vn -0 -0 0
vn -0 -0 0
vn -0 -0 0
vn -0 -0 0
vn -0 -0 0
vn -0 -0 0
vn -0 -0 -3.22925
vn -7.77075 6.6394 -3.34473
vn -5.58423 -5.77856 -6.40186
vn -7.32251 -5.3606 5.77075
vn -4.29395 -1.2666 -3.46851
vn 2.47803 7.45117 -7.49561
vn -4.08398 -0.531738 -0.40332
vn 3.46509 -1.81787 0.531494
vn -4.07861 3.20581 0
vn -0 -0 0
vn -0 -0 0
vn -0 -0 0
vn -0 -0 0
vn -0 -0 0
vn -0 -0 0
vn -0 -0 0
vn -0 -0 -6.65771
vn 3.40015 -5.7998 -3.38892
vn -5.36157 -5.78564 -6.21362
vn 3.21362 3.20093 5.33325
vn 4.70435 7.4834 -3.44946
vn 7.2002 7.46753 4.25586
vn 3.49487 6.84082 -0.0117188
vn 7.4502 -2.25537 -7.17676
vn -4.54492 3.44727 0
vn -0 -0 0
vn -0 -0 0
vn -0 -0 0
vn -0 -0 0
vn -0 -0 0
vn -0 -0 0
vn -0 -0 0
vn -0 -0 5.34106
vn 6.41968 -4.59985 -3.40063
vn 6.2019 -5.48657 -3.66675
vn 3.22925 3.6394 -5.33301
vn 4.26685 -4.2666 -7.46582
vn 7.24414 7.45117 -5.5918
vn 4.46582 3.21753 -3.19727
vn -2.80054 3.23291 -3.6543
vn -5.49121 3.16284 0
vn -0 -0 0
vn -0 -0 0
vn -0 -0 0
vn -0 -0 0
vn -0 -0 0
vn -0 -0 0
vn -0 -0 0
vn -0 -0 -6.79053
vn 3.20093 6.40015 -6.40112
vn 6.22095 3.54004 -3.6377
vn -7.79932 6.53394 5.34277
vn 4.26685 7.4834 -7.19727
vn 3.88867 1.65332 5.33496
vn 3.15332 -2.09692 -7.44971
vn 7.1189 7.66211 -3.2666
vn 7.19189 -4.33057 0
vn -0 -0 0
vn -0 -0 0
vn -0 -0 0
vn -0 -0 0
vn -0 -0 0
vn -0 -0 0
vn -0 -0 0
vn -0 -0 5.61182
vn 6.63843 6.41675 -6.38843
vn 6.40112 6.20093 -3.21265
vn 6.66626 3.22925 -3.66675
vn 4.26685 7.73169 -7.23145
vn 7.2168 7.46851 -7.4502
vn 3.89038 1.19434 -3.27002
vn 3.46533 3.93066 -6.07715
vn 3.26294 2.02783 0
vn -0 -0 0
vn -0 -0 0
vn -0 -0 0
vn -0 -0 0
vn -0 -0 0
vn -0 -0 0
vn -0 -0 0
vn -0 -0 -3.3999
vn -7.78613 -7.34888 -7.42749
vn 6.3877 -5.32886 -6.40723
vn -5.35278 -7.77197 -3.64551
vn -4.70581 -4.26831 -7.09082
vn 3.44507 4.21851 -3.4502
vn -6.52539 7.44727 -4.2168
vn 1.26758 7.73145 -6.2644
vn 4.44971 -7.92871 0
vn -0 -0 0
vn -0 -0 0
vn -0 -0 0
vn -0 -0 0
vn -0 -0 0
vn -0 -0 0
vn -0 -0 0
vn -0 -0 -6.21313
vn 3.40015 3.40015 -6.2002
usemtl none
