mtllib MODELPAGES.mtl
g CARMODEL_2_damaged
o CARMODEL_2_damaged
v 0.00488281 -0.0151367 -0.131836
v 0.00488281 -0.0151367 -0.138184
v 0.00488281 -0.0236816 -0.13623
v 0 -0.0258789 0.133301
v 0 0.0202637 -0.0793457
v 0.00488281 0.0178223 -0.127197
v 0.00488281 0.0134277 -0.131592
v -0.0466309 -0.0151367 -0.112305
v -0.0466309 -0.0151367 -0.118652
v -0.0466309 -0.0236816 -0.116699
v -0.0356445 -0.0258789 -0.104492
v 0.0263672 -0.0258789 -0.114258
v -0.0490723 -0.0258789 -0.104492
v -0.0534668 0 -0.0991211
v -0.0559082 0 -0.0922852
v -0.0405273 -0.0258789 -0.0751953
v -0.0539551 -0.0258789 -0.0751953
v 0.0410156 -0.0258789 -0.0751953
v -0.0563965 -0.0258789 0.0490723
v -0.0405273 -0.0258789 0.0490723
v 0.0410156 -0.0258789 0.0490723
v -0.0559082 -0.00195312 0.0576172
v -0.0559082 -0.00195312 0.0854492
v -0.0563965 -0.0258789 0.0993652
v 0.0410156 -0.0258789 0.0993652
v -0.0405273 -0.0258789 0.0993652
v -0.048584 -0.0258789 0.128418
v -0.048584 -0.0170898 0.128418
v -0.048584 -0.0151367 0.126953
v -0.0476074 0.00634766 0.12915
v -0.0407715 0.015625 0.126953
v -0.0480957 0.0205078 -0.00219727
v -0.0424805 0.0454102 -0.00219727
v -0.0424805 0.0454102 -0.0644531
v -0.0480957 0.0202637 -0.0793457
v -0.0471191 0.0129395 -0.117432
v -0.0500488 0.00854492 -0.121826
v -0.0480957 0.0180664 0.0749512
v -0.0549316 0.00634766 0.0727539
v -0.045166 0.00634766 -0.00219727
v -0.0549316 0.00634766 -0.0793457
v -0.0524902 0.00634766 -0.105469
v -0.0393066 -0.0258789 -0.00219727
v 0.0397949 -0.0236816 -0.133789
v 0.0397949 -0.0151367 -0.129395
v 0.0397949 -0.0258789 -0.114258
v 0.0397949 -0.0151367 -0.135742
v 0.0515137 0 -0.108887
v 0.0410156 0.00854492 -0.131592
v 0.0378418 0.0129395 -0.127197
v 0.0507812 0.00634766 -0.115234
v 0.0544434 -0.0258789 0.0993652
v 0.0490723 -0.0151367 0.131836
v 0.0490723 -0.0258789 0.138184
v 0.0563965 -0.00195312 0.0854492
v 0.0490723 -0.0170898 0.138184
v 0.0483398 0.00146484 0.134033
v 0.0556641 0.00634766 0.0727539
v 0.0563965 -0.00195312 0.0576172
v 0.0410156 0.00634766 -0.00219727
v 0.0544434 -0.0258789 0.0490723
v 0.0446777 -0.0258789 -0.00219727
v 0.0556641 0.00634766 -0.0793457
v 0.0544434 -0.0258789 -0.0751953
v 0.0563965 0 -0.0922852
v 0.048584 0.0202637 -0.0793457
v 0.048584 0.0205078 0.0725098
v 0.0412598 0.0205078 0.131836
v 0.048584 0.0205078 -0.00219727
v 0.0429688 0.0454102 -0.0644531
v 0.0429688 0.0454102 -0.00219727
v 0 0.0454102 -0.0644531
v 0 0.0454102 -0.00219727
v 0 0.0205078 -0.00219727
v 0 0.0205078 0.126953
v 0 0.00634766 0.12915
v 0 -0.0151367 0.126953
v 0 -0.0170898 0.133301
usemtl none
f 1 10 1 
