mtllib MODELPAGES.mtl
g CARMODEL_7_damaged
o CARMODEL_7_damaged
v -0.0490723 0.0280762 0.0532227
v -0.0473633 0.0280762 0.0778809
v -0.043457 0.0134277 0.0859375
v -0.0410156 0.0407715 0.0883789
v -0.0390625 0.0441895 0.0683594
v -0.0317383 0.0561523 0.0534668
v -0.0317383 0.0598145 0.0361328
v -0.0317383 0.0610352 0.0302734
v -0.0317383 0.0598145 -0.00488281
v -0.0427246 0.0402832 -0.0354004
v -0.0415039 0.0385742 -0.0771484
v -0.0400391 0.036377 -0.115967
v -0.0446777 0.0231934 -0.116699
v -0.0446777 0.0217285 -0.122559
v -0.0446777 0.0146484 -0.123779
v -0.0473633 0.012207 -0.0939941
v -0.0473633 0.0292969 -0.0854492
v -0.0473633 0.0292969 -0.0632324
v -0.043457 0.00854492 -0.0544434
v -0.043457 0.00854492 -0.0356445
v -0.043457 0.00854492 0.0307617
v -0.043457 0.00854492 0.0437012
v -0.0439453 0.0407715 0.0332031
v -0.0439453 0.0410156 0.0437012
v 0 0.0146484 -0.125732
v 0 0.0217285 -0.124756
v 0 0.0231934 -0.118896
v 0 0.0366211 -0.11792
v 0 0.0402832 -0.0771484
v 0 0.0427246 -0.0393066
v 0 0.0615234 -0.00927734
v 0 0.0625 0.0302734
v 0 0.0612793 0.036377
v 0 0.0576172 0.0549316
v 0 0.0478516 0.0703125
v 0 0.0402832 0.0876465
v 0 0.0368652 0.114746
v 0 0.0244141 0.120361
v 0 0.0231934 0.124268
v 0 0.0158691 0.125244
v -0.0292969 0.00854492 0.0437012
v -0.0292969 0.00854492 -0.0544434
v -0.0292969 0.012207 -0.0939941
v -0.0134277 0.0146484 -0.123779
v -0.0134277 0.0217285 -0.122559
v -0.0134277 0.0231934 -0.116699
v -0.0134277 0.0366211 -0.115967
v -0.0214844 0.0244141 0.119141
v -0.0214844 0.0231934 0.123047
v -0.0214844 0.0158691 0.124268
v -0.0292969 0.0134277 0.0859375
v -0.0395508 0.0388184 0.112549
v -0.043457 0.0244141 0.118164
v -0.0422363 0.0231934 0.121826
v -0.0415039 0.0158691 0.123047
v -0.0498047 0.0275879 0.0319824
v -0.0483398 0.0283203 -0.0356445
v -0.0461426 0.0270996 0.0976562
v -0.043457 0.0141602 0.102295
v -0.0410156 0.0393066 -0.0771484
v -0.0397949 0.0410156 0.0881348
v -0.036377 0.0456543 0.0688477
v -0.0300293 0.0400391 0.0881348
v -0.0305176 0.036377 0.113525
v 0.0410156 0.0393066 -0.0771484
v 0.0400391 0.036377 -0.115967
v 0.0134277 0.0366211 -0.115967
v 0.0427246 0.0402832 -0.0354004
v 0.0134277 0.0231934 -0.116699
v 0.0446777 0.0231934 -0.116699
v 0.0317383 0.0598145 -0.00488281
v 0.036377 0.0456543 0.0688477
v 0.0300293 0.0400391 0.0881348
v 0.0390625 0.0441895 0.0683594
v 0.0397949 0.0410156 0.0881348
v 0.0305176 0.036377 0.113525
v 0.0395508 0.0388184 0.112549
v 0.0214844 0.0244141 0.119141
v 0.043457 0.0244141 0.118164
v 0.0317383 0.0561523 0.0534668
v 0.043457 0.0141602 0.102295
v 0.0461426 0.0270996 0.0976562
v 0.0422363 0.0231934 0.121826
v 0.0415039 0.0158691 0.123047
v 0.0410156 0.0407715 0.0883789
v 0.0415039 0.0385742 -0.0771484
v 0.0490723 0.0280762 0.0532227
v 0.0439453 0.0410156 0.0437012
v 0.0473633 0.0280762 0.0778809
v 0.0292969 0.0134277 0.0859375
v 0.043457 0.0134277 0.0859375
v 0.0214844 0.0158691 0.124268
v 0.043457 0.00854492 0.0307617
v 0.043457 0.00854492 0.0437012
v 0.0292969 0.00854492 0.0437012
v 0.0134277 0.0146484 -0.123779
v 0.0292969 0.012207 -0.0939941
v 0.043457 0.00854492 -0.0356445
v 0.0292969 0.00854492 -0.0544434
v 0.043457 0.00854492 -0.0544434
v 0.0498047 0.0275879 0.0319824
v 0.0483398 0.0283203 -0.0356445
v 0.0439453 0.0407715 0.0332031
v 0.0473633 0.0292969 -0.0632324
v 0.0214844 0.0231934 0.123047
v 0.0473633 0.0292969 -0.0854492
v 0.0473633 0.012207 -0.0939941
v 0.0446777 0.0146484 -0.123779
v 0.0134277 0.0217285 -0.122559
v 0.0446777 0.0217285 -0.122559
v 0.0317383 0.0610352 0.0302734
v 0.0317383 0.0598145 0.0361328
v -0.0197754 0.0244141 0.119385
v -0.0197754 0.0231934 0.123291
v -0.0197754 0.0158691 0.124268
v 0.0200195 0.0244141 0.119385
v 0.0197754 0.0231934 0.123291
v 0.0197754 0.0158691 0.124268
v -0.0493164 0.027832 0.0437012
v 0.0493164 0.027832 0.0437012
v -0.0214844 0.0249023 0.124512
v -0.0197754 0.0249023 0.124756
v 0.0197754 0.0249023 0.124756
v 0.0214844 0.0249023 0.124512
v -0.0214844 0.0158691 0.125977
v -0.0197754 0.0158691 0.125977
v 0.0197754 0.0158691 0.125977
v 0.0214844 0.0158691 0.125977
vn -0 0.526855 0.849854
vn 0.0141602 -0.992676 0.118652
vn -0.0141602 -0.992676 0.118652
vn -0 0.2229 -0.974609
vn -0 0.2229 -0.974609
vn -0.955322 0.29126 -0.0483398
vn 0.955322 0.291016 -0.0483398
vn -0.946045 0.323486 0
vn 0.946045 0.323486 0
vn -0 0.432617 -0.901367
vn -0 0.432617 -0.901367
vn -0.95166 -0.304932 -0.0288086
vn 0.95166 -0.304932 -0.0288086
vn 0.953369 -0.298584 -0.0378418
vn -0.952881 -0.301025 -0.0344238
vn -0 0.991211 0.130371
vn -0 0.991211 0.130371
vn 0.0183105 0.986328 -0.162842
vn -0.970703 0.226562 -0.0786133
vn 0.970703 0.226562 -0.0786133
vn 0.983154 -0.0405273 0.17749
vn -0.983154 -0.0405273 0.17749
vn 0.013916 -0.991699 0.127197
vn -0.013916 -0.991699 0.127197
vn 0.977539 0.208008 -0.03125
vn -0.977539 0.208008 -0.03125
vn -0.0183105 0.986328 -0.162842
vn -0 0.656982 0.753662
vn -0 0.656982 0.753662
vn -0 0.98877 -0.148926
vn -0.976562 0.190186 -0.0991211
vn 0.976562 0.190186 -0.0991211
vn -0.000244141 -0.725342 -0.688232
vn 0.000244141 -0.725342 -0.688232
vn -0.0546875 -0.426758 -0.902588
vn 0.0546875 -0.426758 -0.902588
vn -0.956055 0.291748 0.0180664
vn 0.956299 0.291504 0.0185547
vn -0.951904 -0.300781 -0.057373
vn 0.952881 -0.298584 -0.0517578
vn 0.984131 -0.0324707 0.174072
vn -0.984131 -0.0324707 0.174072
vn 0.0683594 -0.989258 -0.128662
vn -0.0683594 -0.989258 -0.128662
vn -0.984375 -0.057373 0.165283
vn 0.984375 -0.057373 0.165283
vn 0.894043 -0.44458 -0.0537109
vn -0.894043 -0.44458 -0.0537109
vn 0.0446777 0.0544434 -0.997314
vn -0.0446777 0.0544434 -0.997314
vn -0.00756836 0.0415039 -0.999023
vn 0.00756836 0.0415039 -0.999023
vn -0.965332 -0.240967 -0.0996094
vn 0.965332 -0.240967 -0.0996094
vn 0.990967 0.0415039 -0.126221
vn -0.990967 0.0415039 -0.126221
vn -1 -0 0
vn 1 -0 0
vn 0.960205 0.243164 -0.136719
vn -0.960205 0.243164 -0.136719
vn 0.0407715 -0.407715 -0.912109
vn -0.0407715 -0.407715 -0.912109
vn -0.548096 -0.824951 -0.135742
vn 0.548096 -0.824951 -0.135742
vn -0.552979 -0.826172 -0.106445
vn 0.552979 -0.826172 -0.106445
vn -0.745117 -0.662354 0.0754395
vn 0.745117 -0.662354 0.0754395
vn -0.746582 -0.66333 0.0483398
vn 0.746582 -0.66333 0.0483398
vn -0.067627 -0.980713 -0.182129
vn 0.067627 -0.980713 -0.182129
vn 0.0932617 -0.985596 -0.140381
vn -0.0932617 -0.985596 -0.140381
vn 0.25415 0.940918 -0.222656
vn 0.963379 0.13916 -0.228516
vn 0.947998 0.308594 0.0742188
vn 0.0991211 0.994873 -0.0100098
vn 0.249023 0.9646 -0.0859375
vn 0.996582 0.0332031 -0.0725098
vn 0.949707 0.255371 0.180664
vn 0.168701 0.959473 0.224609
vn -0.947998 0.308594 0.0742188
vn -0.963135 0.138672 -0.229736
vn -0.25415 0.940918 -0.222656
vn -0.117188 0.99292 0.0153809
vn -0.949707 0.255371 0.180664
vn -0.996582 0.0332031 -0.0725098
vn -0.249023 0.9646 -0.0859375
vn -0.168701 0.959473 0.224609
vn 0.625488 0.766846 -0.142822
vn 0.556641 0.724121 -0.406738
vn 0.671143 0.719971 0.175537
vn -0.595215 -0.639893 0.48584
vn -0.436279 -0.897461 0.0639648
vn -0.000732422 -0.997803 0.064209
vn -0 -0.679932 0.733154
vn 0.20166 -0.817383 -0.539307
vn -0 -0.668945 -0.74292
vn 0.000732422 -0.987305 -0.157715
vn -0.22998 -0.963135 -0.137939
vn -0.20166 -0.817383 -0.539307
vn 0.230957 -0.962646 -0.139648
vn 0.595215 -0.639893 0.48584
vn 0.435059 -0.897705 0.0651855
vn -0.000732422 -0.849121 0.528076
vn -0.821777 -0.553955 0.132568
vn -0.491943 -0.799072 0.344971
vn 0.00146484 -0.912598 0.408447
vn -0.422852 -0.860352 -0.283691
vn 0.0012207 -0.922607 -0.385498
vn -0.000488281 -0.964355 -0.264404
vn -0.630615 -0.757324 -0.168213
vn -0.91333 -0.40625 -0.0195312
vn -0.921143 -0.38623 -0.0449219
vn -0.549805 -0.833252 -0.0532227
vn 0.493164 -0.798584 0.344727
vn 0.821533 -0.554199 0.133301
vn 0.423828 -0.860596 -0.281738
vn 0.629883 -0.757812 -0.168213
vn 0.91333 -0.40625 -0.0195312
vn 0.550293 -0.833008 -0.0532227
vn 0.921387 -0.385498 -0.0444336
vn -0.733887 -0.664062 -0.141846
vn 0.734375 -0.66333 -0.141602
vn -0 -0.348389 -0.937256
vn 0.142822 -0.273682 -0.950928
vn -0.142822 -0.273682 -0.950928
usemtl none
