mtllib MODELPAGES.mtl
g CARMODEL_9_damaged
o CARMODEL_9_damaged
v -0.0463867 -0.010498 0.0371094
v -0.045166 -0.010498 0.0756836
v -0.0415039 -0.0263672 0.0805664
v -0.0405273 0.00585938 0.0898438
v -0.0415039 0.00732422 0.0681152
v -0.0317383 0.0224609 0.0583496
v -0.0317383 0.0249023 0.0375977
v -0.0317383 0.0256348 0.0229492
v -0.0317383 0.0249023 -0.0231934
v -0.0427246 0.00415039 -0.0476074
v -0.0427246 0.000244141 -0.0842285
v -0.0400391 -0.00317383 -0.107422
v -0.0400391 -0.0166016 -0.107422
v -0.0400391 -0.0178223 -0.112305
v -0.0395508 -0.0239258 -0.113525
v -0.0419922 -0.0263672 -0.10498
v -0.045166 -0.00805664 -0.102539
v -0.045166 -0.00805664 -0.0683594
v -0.0415039 -0.0275879 -0.0646973
v -0.0310059 -0.0275879 -0.0476074
v -0.0349121 -0.0270996 0.0224609
v -0.0415039 -0.0275879 0.036377
v -0.0439453 0.00390625 0.0227051
v -0.0439453 0.00439453 0.036377
v 0 -0.0239258 -0.114746
v 0 -0.0178223 -0.113525
v 0 -0.0166016 -0.108643
v 0 -0.000732422 -0.108643
v 0.0012207 0.0200195 -0.0817871
v 0 0.0065918 -0.0524902
v 0 0.026123 -0.0292969
v 0 0.0275879 0.0229492
v 0 0.0266113 0.0375977
v 0 0.0229492 0.0603027
v 0 0.00927734 0.0708008
v 0 0.0195312 0.0830078
v 0.0012207 0.00341797 0.097168
v 0.0012207 -0.0129395 0.102051
v 0.0012207 -0.0141602 0.106201
v 0.0012207 -0.020752 0.107422
v -0.0292969 -0.0275879 0.036377
v -0.0292969 -0.0275879 -0.0646973
v -0.0292969 -0.0263672 -0.10498
v -0.0195312 -0.0239258 -0.113525
v -0.0195312 -0.0178223 -0.112305
v -0.0195312 -0.0166016 -0.107422
v -0.0195312 -0.000732422 -0.107422
v -0.0244141 0.00537109 -0.0500488
v -0.0244141 0.0090332 0.0695801
v -0.0244141 0.0192871 0.0891113
v -0.0231934 0.00268555 0.0961914
v -0.0231934 -0.0129395 0.10083
v -0.0231934 -0.0141602 0.10498
v -0.0231934 -0.020752 0.106201
v -0.0292969 -0.0263672 0.0805664
v -0.036377 0.00146484 0.0959473
v -0.0373535 -0.0129395 0.0996094
v -0.0373535 -0.0141602 0.103271
v -0.0366211 -0.020752 0.104736
v -0.0424805 -0.0109863 0.0227051
v -0.0390625 -0.00878906 -0.0476074
v -0.0317383 0.0136719 -0.0842285
v -0.0214844 -0.00317383 -0.107422
v -0.0415039 -0.0241699 0.0932617
v 0.0292969 -0.0263672 0.0805664
v 0.0415039 -0.0263672 0.0805664
v 0.0415039 -0.0241699 0.0932617
v 0.0378418 -0.020752 0.113281
v 0.0244141 -0.020752 0.114746
v 0.045166 -0.010498 0.0756836
v 0.0415039 0.00732422 0.0681152
v 0.0405273 0.00585938 0.0898438
v 0.0310059 -0.0275879 0.0224609
v 0.0415039 -0.0275879 0.036377
v 0.0292969 -0.0275879 0.036377
v 0.0375977 0.00146484 0.104492
v 0.0385742 -0.0129395 0.108154
v 0.0385742 -0.0141602 0.111816
v 0.0390625 -0.0166016 -0.10498
v 0.0183105 -0.0166016 -0.10498
v 0.0202637 -0.00317383 -0.10498
v 0.0388184 -0.00317383 -0.10498
v 0.0183105 -0.000732422 -0.10498
v 0.0427246 0.000244141 -0.0842285
v 0.032959 0.0185547 -0.0817871
v 0.0427246 0.00415039 -0.0476074
v 0.0244141 0.00537109 -0.0500488
v 0.0183105 -0.0239258 -0.111084
v 0.0280762 -0.0263672 -0.102539
v 0.0310059 -0.0275879 -0.0476074
v 0.0292969 -0.0275879 -0.0646973
v 0.0415039 -0.0275879 -0.0646973
v 0.0463867 -0.010498 0.0371094
v 0.0400391 -0.00952148 0.0227051
v 0.0390625 -0.00878906 -0.0476074
v 0.0439453 0.00390625 0.0227051
v 0.045166 -0.00805664 -0.0683594
v 0.0244141 0.0090332 0.0695801
v 0.0244141 0.0192871 0.0830078
v 0.0244141 0.00268555 0.104736
v 0.0244141 -0.0129395 0.109375
v 0.0244141 -0.0141602 0.113525
v 0.0439453 0.00439453 0.036377
v 0.045166 -0.00805664 -0.102539
v 0.0419922 -0.0263672 -0.10498
v 0.0383301 -0.0239258 -0.111084
v 0.0183105 -0.0178223 -0.109863
v 0.0390625 -0.0178223 -0.109863
v 0.0317383 0.0249023 -0.0231934
v 0.0317383 0.0256348 0.0229492
v 0.0317383 0.0249023 0.0375977
v 0.0317383 0.0224609 0.0583496
v -0.0419922 0.013916 -0.0830078
v 0.043457 0.0163574 -0.0817871
v -0.0400391 0.0192871 0.0895996
v 0.0397949 0.0192871 0.0834961
v 0.0437012 -0.010498 0.0854492
v -0.0437012 -0.010498 0.0854492
v -0.0405273 -0.00927734 0.090332
v 0.041748 -0.00927734 0.0952148
usemtl none
f 1 1 1 
f 1 1 1 
f 1 1 1 
f 1 1 1 
f 1 1 1 
f 1 1 1 
f 1 1 1 
f 1 1 1 
f 1 1 1 
f 1 1 1 
f 1 1 1 
f 1 1 1 
f 1 1 1 
f 1 1 1 
f 1 1 1 
f 1 1 1 
f 1 1 1 
f 1 1 1 
f 1 1 1 
f 1 1 1 
f 1 1 1 
f 1 1 1 
f 1 1 1 
f 1 1 1 
f 1 1 1 
f 1 1 1 
f 1 1 1 
f 1 1 1 
f 1 1 1 
f 1 1 1 
f 1 1 1 
f 1 1 1 
f 1 1 1 
f 1 1 1 
f 1 1 1 
f 1 1 1 
f 1 1 1 
f 1 1 1 
f 1 1 1 
f 1 1 1 
f 1 1 1 
f 1 1 1 
f 1 1 1 
f 1 1 1 
f 1 1 1 
f 1 1 1 
f 1 1 1 
f 1 1 1 
f 1 1 1 
f 1 1 1 
f 1 1 1 
f 1 1 1 
f 1 1 1 
f 1 1 1 
f 1 1 1 
f 1 1 1 
f 1 1 1 
f 1 1 1 
f 1 1 1 
f 1 1 1 
f 1 1 1 
f 1 1 1 
f 1 1 1 
f 1 1 1 
f 1 1 1 
f 1 1 1 
f 1 1 1 
f 1 1 1 
f 1 1 1 
f 1 1 1 
f 1 1 1 
f 1 1 1 
f 1 1 1 
f 1 1 1 
f 1 1 1 
f 1 1 1 
f 1 1 1 
f 1 1 1 
f 1 1 1 
f 1 1 1 
f 1 1 1 
f 1 1 1 
f 1 1 1 
f 1 1 1 
f 1 1 1 
f 1 1 1 
f 1 1 1 
f 1 1 1 
f 1 1 1 
f 1 1 1 
f 1 1 1 
f 1 1 1 
f 1 1 1 
f 1 1 1 
f 1 1 1 
f 1 1 1 
f 1 1 1 
f 1 1 1 
f 1 1 1 
f 1 1 1 
f 1 1 1 
f 1 1 1 
f 1 1 1 
f 1 1 1 
f 1 1 1 
f 1 1 1 
f 1 1 1 
f 1 1 1 
f 1 1 1 
f 1 1 1 
f 1 1 1 
f 1 1 1 
f 1 1 1 
f 1 1 1 
f 1 1 1 
f 1 1 1 
f 1 1 1 
f 1 1 1 
f 1 1 1 
f 1 1 1 
f 1 1 1 
f 1 1 1 
f 1 1 1 
f 1 1 1 
f 1 1 1 
f 1 1 1 
f 1 1 1 
f 1 1 1 
f 1 1 1 
f 1 1 1 
f 1 1 1 
f 1 1 1 
f 1 1 1 
f 1 1 1 
f 1 1 1 
f 1 1 1 
f 1 1 1 
f 1 1 1 
f 1 1 1 
f 1 1 1 
f 1 1 1 
f 1 1 1 
f 1 1 1 
f 1 1 1 
f 1 1 1 
f 1 1 1 
f 1 1 1 
f 1 1 1 
f 1 1 1 
f 1 1 1 
f 1 1 1 
f 1 1 1 
f 1 1 1 
f 1 1 1 
f 1 1 1 
f 1 1 1 
f 1 1 1 
f 1 1 1 
f 1 1 1 
f 1 1 1 
f 1 1 1 
f 1 1 1 
f 1 1 1 
f 1 1 1 
f 1 1 1 
f 1 1 1 
f 1 1 1 
f 1 1 1 
f 1 1 1 
f 1 1 1 
f 1 1 1 
f 1 1 1 
f 1 1 1 
f 1 1 1 
f 1 1 1 
f 1 1 1 
f 1 1 1 
f 1 1 1 
f 1 1 1 
f 1 1 1 
f 1 1 1 
f 1 1 1 
f 1 1 1 
f 1 1 1 
f 1 1 1 
f 1 1 1 
f 1 1 1 
f 1 1 1 
f 1 1 1 
f 1 1 1 
f 1 1 1 
f 1 1 1 
f 1 1 1 
f 1 1 1 
f 1 1 1 
f 1 1 1 
f 1 1 1 
f 1 1 1 
f 1 1 1 
f 1 1 1 
f 1 1 1 
f 1 1 1 
f 1 1 1 
f 1 1 1 
f 1 1 1 
f 1 1 1 
f 1 1 1 
f 1 1 1 
f 1 1 1 
f 1 1 1 
f 1 1 1 
f 1 1 1 
f 1 1 1 
f 1 1 1 
f 1 1 1 
f 1 1 1 
f 1 1 1 
f 1 1 1 
f 1 1 1 
f 1 1 1 
f 1 1 1 
f 1 1 1 
f 1 1 1 
f 1 1 1 
f 1 1 1 
f 1 1 1 
f 1 1 1 
f 1 1 1 
f 1 1 1 
f 1 1 1 
f 1 1 1 
f 1 1 1 
f 1 1 1 
f 1 1 1 
f 1 1 1 
f 1 1 1 
