mtllib MODELPAGES.mtl
g CARMODEL_6_damaged
o CARMODEL_6_damaged
v 0.000488281 -0.0202637 -0.101562
v 0.000488281 -0.0175781 0.105225
v -0.0358887 -0.0236816 -0.0483398
v -0.0383301 -0.00585938 -0.0541992
v -0.0354004 0.00830078 -0.0446777
v -0.0239258 0.0273438 -0.0200195
v -0.0146484 0.00830078 -0.0478516
v -0.0175781 -0.0236816 -0.0483398
v -0.0358887 -0.0236816 0.0490723
v -0.0175781 -0.0236816 0.0490723
v -0.0402832 -0.00488281 0.0527344
v -0.0239258 0.026123 0.0480957
v -0.0175781 -0.0200195 0.0844727
v -0.0358887 -0.0200195 0.0844727
v -0.0395508 -0.00488281 0.0771484
v -0.0297852 -0.0234375 0.0283203
v -0.0334473 -0.00585938 0.0283203
v -0.034668 0.00756836 -0.076416
v -0.017334 -0.0217285 -0.0874023
v -0.0358887 -0.0217285 -0.0874023
v -0.0383301 -0.00585938 -0.0800781
v 0.000488281 -0.00976562 0.106445
v -0.0375977 -0.00292969 0.105713
v -0.0373535 -0.0090332 0.106445
v 0.000488281 -0.0090332 0.100342
v -0.0375977 0.00756836 0.029541
v -0.0368652 0.00756836 0.0537109
v -0.0361328 0.00878906 0.0651855
v -0.0341797 0.00390625 0.104004
v -0.0354004 -0.0114746 -0.10083
v 0.000488281 -0.0124512 -0.101562
v 0.000488281 0.00366211 -0.0947266
v -0.0351562 0.00366211 -0.098877
v 0.000488281 -0.0114746 -0.0966797
v -0.0351562 -0.0124512 -0.105225
v -0.0349121 -0.0202637 -0.105225
v 0.000488281 0.00415039 0.0979004
v -0.0358887 -0.0175781 0.108887
v -0.0373535 -0.00976562 0.110107
v 0.0354004 0.00830078 -0.0446777
v 0.0395508 -0.00585938 -0.0541992
v 0.034668 0.00756836 -0.076416
v 0.0383301 -0.00585938 -0.0800781
v 0.0361328 0.00878906 0.0651855
v 0.0395508 -0.00488281 0.0771484
v 0.0368652 0.00756836 0.0537109
v 0.0402832 -0.00488281 0.0527344
v 0.0175781 -0.0200195 0.0844727
v 0.0175781 -0.0236816 0.0490723
v 0.0175781 -0.0236816 -0.0483398
v 0.017334 -0.0217285 -0.0874023
v 0.0349121 -0.0090332 0.107666
v 0.0349121 -0.00976562 0.111328
v 0.0378418 -0.0114746 -0.106934
v 0.0375977 -0.0124512 -0.111328
v 0.0375977 0.00366211 -0.10498
v 0.0334473 -0.0175781 0.110107
v 0.0358887 -0.0200195 0.0844727
v 0.0317383 0.00390625 0.105225
v 0.0351562 -0.00292969 0.106934
v 0.000488281 -0.00292969 0.0996094
v 0.0373535 -0.0202637 -0.111328
v 0.0371094 -0.0217285 -0.0874023
v 0.0239258 0.026123 0.0480957
v 0.0375977 0.00756836 0.029541
v 0.0336914 -0.00585938 0.0283203
v 0.0239258 0.0273438 -0.0200195
v 0.0358887 -0.0236816 0.0490723
v 0.0371094 -0.0236816 -0.0483398
v 0.0146484 0.00830078 -0.0478516
v 0.0297852 -0.0234375 0.0283203
v 0.0334473 -0.00585938 -0.0344238
v 0.0310059 -0.0234375 -0.0344238
v -0.0322266 -0.00585938 -0.0344238
v -0.0297852 -0.0234375 -0.0344238
v 0.0332031 0.0222168 -0.0776367
v -0.0344238 0.0148926 -0.0776367
v -0.0351562 0.00683594 0.0942383
v 0.0351562 0.00683594 0.0942383
v 0.0344238 0.0166016 0.0844727
v -0.0344238 0.0202637 0.0844727
v 0.0012207 0.0358887 -0.013916
v 0.00488281 0.0285645 -0.0200195
v -0.00390625 0.0358887 -0.013916
v -0.00708008 0.0285645 -0.0200195
v -0.00683594 0.0273438 0.0480957
v -0.00366211 0.0358887 0.0432129
v 0.00488281 0.0285645 0.0480957
v 0.000976562 0.0358887 0.0432129
usemtl none
