mtllib MODELPAGES.mtl
g CARMODEL_5_damaged
o CARMODEL_5_damaged
v -0.0458984 -0.00317383 0.0554199
v -0.0466309 -0.00341797 0.0803223
v -0.0429688 0.015625 0.0854492
v -0.0405273 0.0158691 0.0395508
v -0.043457 0.0114746 0.0974121
v -0.0354004 0.0117188 0.0976562
v -0.0354004 0.0158691 0.0856934
v -0.0361328 -0.00805664 0.100098
v 0.00195312 -0.0078125 0.0993652
v 0.00195312 -0.00634766 0.097168
v 0.00195312 -0.00634766 0.0905762
v -0.0358887 -0.00634766 0.0979004
v -0.0356445 -0.0175781 0.104248
v 0.00195312 -0.0175781 0.0983887
v -0.0310059 -0.0219727 0.046875
v -0.0310059 -0.020752 0.0871582
v -0.0310059 -0.0222168 -0.0891113
v -0.0310059 -0.0222168 -0.0515137
v -0.0466309 -0.00292969 -0.0627441
v -0.0449219 -0.00292969 -0.0881348
v -0.043457 0.00195312 0.0981445
v -0.0356445 0.00195312 0.0981445
v -0.0354004 -0.0078125 0.102783
v -0.0356445 -0.00976562 0.102783
v -0.0354004 0.00952148 0.0961914
v -0.0297852 0.0307617 0.0397949
v 0.00195312 0.0163574 0.0854492
v 0.00195312 0.03125 0.0397949
v 0.00195312 0.0131836 -0.0454102
v 0.00195312 0.0263672 -0.0737305
v -0.041748 0.0192871 -0.0703125
v -0.041748 0.0078125 -0.0788574
v -0.0419922 0.0100098 -0.041748
v -0.0400391 -0.00366211 0.0393066
v -0.0385742 -0.0224609 0.0332031
v -0.0383301 -0.0222168 0.0390625
v -0.0412598 0.0148926 0.0134277
v -0.0263672 -0.00390625 0.0134277
v -0.0412598 0.0117188 -0.0170898
v -0.0263672 -0.00415039 -0.0183105
v -0.0454102 -0.00292969 -0.0419922
v -0.0283203 0.0327148 0.0124512
v -0.0283203 0.0302734 -0.017334
v 0.00195312 0.0327148 -0.017334
v 0.000732422 0.00292969 -0.092041
v -0.0375977 0.00292969 -0.0986328
v 0.000732422 -0.0117188 -0.0939941
v 0.000732422 -0.0129395 -0.098877
v -0.0415039 -0.0129395 -0.10498
v -0.0424805 -0.0117188 -0.100586
v 0.0458984 -0.00317383 0.0554199
v 0.0405273 0.0158691 0.0395508
v 0.0429688 0.015625 0.0854492
v 0.0466309 -0.00341797 0.0803223
v 0.0354004 0.0158691 0.0856934
v 0.0354004 0.0117188 0.100098
v 0.043457 0.0114746 0.0998535
v 0.0361328 -0.00805664 0.107422
v 0.0358887 -0.00634766 0.105225
v 0.0356445 -0.0175781 0.10791
v 0.0310059 -0.0219727 0.046875
v 0.0310059 -0.020752 0.0871582
v 0.0310059 -0.0222168 -0.0891113
v 0.0449219 -0.00292969 -0.0881348
v 0.0466309 -0.00292969 -0.0627441
v 0.0310059 -0.0222168 -0.0515137
v 0.0332031 0.000732422 0.100586
v 0.0410156 0.000732422 0.100586
v 0.0356445 -0.00976562 0.110107
v 0.0354004 -0.0078125 0.110107
v 0.0354004 0.00952148 0.0998535
v 0.0297852 0.0307617 0.0397949
v 0.0419922 0.0100098 -0.041748
v 0.041748 0.027832 -0.076416
v 0.041748 0.0078125 -0.0788574
v 0.0405273 -0.00366211 0.0393066
v 0.0383301 -0.0222168 0.0390625
v 0.0385742 -0.0224609 0.0332031
v 0.0412598 0.0148926 0.0134277
v 0.0324707 -0.00390625 0.0134277
v 0.0412598 0.0117188 -0.0170898
v 0.0324707 -0.00415039 -0.0183105
v 0.0454102 -0.00292969 -0.0419922
v 0.0283203 0.0327148 0.0124512
v 0.0283203 0.0302734 -0.017334
v 0.0400391 0.00292969 -0.103516
v 0.0444336 -0.0117188 -0.105469
v 0.0437012 -0.0129395 -0.109863
v -0.043457 -0.0185547 0.0986328
v -0.0356445 -0.0175781 0.105713
v -0.043457 -0.0175781 0.105713
v -0.0449219 -0.0197754 0.088623
v 0.000732422 -0.0214844 -0.097168
v -0.0383301 -0.0217285 -0.0944824
v -0.0368652 -0.0224609 -0.0891113
v -0.0393066 -0.0202637 -0.0915527
v -0.0383301 -0.0214844 -0.104492
v -0.0383301 -0.0224609 -0.0422363
v -0.0383301 -0.0224609 -0.052002
v 0.00195312 0.012207 0.0949707
v -0.043457 -0.00805664 0.100098
v -0.043457 -0.00976562 0.102783
v -0.043457 -0.0078125 0.102783
v -0.0415039 -0.00341797 0.0891113
v -0.0400391 -0.019043 -0.105225
v -0.0427246 -0.00366211 -0.090332
v -0.0263672 -0.0227051 0.0131836
v 0.00195312 0.0349121 0.0124512
v 0.000732422 -0.019043 -0.098877
v 0.043457 -0.0185547 0.102295
v 0.0356445 -0.0175781 0.109375
v 0.043457 -0.0175781 0.109375
v 0.0449219 -0.0197754 0.088623
v 0.0407715 -0.0217285 -0.0993652
v 0.041748 -0.0224609 -0.0939941
v 0.041748 -0.0202637 -0.0964355
v 0.0407715 -0.0214844 -0.109375
v 0.0383301 -0.0224609 -0.052002
v 0.0383301 -0.0224609 -0.0422363
v 0.043457 -0.00805664 0.107422
v 0.043457 -0.00976562 0.110107
v 0.043457 -0.0078125 0.110107
v 0.041748 -0.00341797 0.0891113
v 0.0424805 -0.019043 -0.110107
v 0.0449219 -0.00366211 -0.0952148
v 0.0344238 -0.0227051 0.0131836
usemtl none
