mtllib MODELPAGES.mtl
g CARMODEL_1_damaged
o CARMODEL_1_damaged
v -0.0463867 -0.0065918 0.0561523
v -0.0454102 -0.0065918 0.0810547
v -0.0415039 -0.0273438 0.0871582
v -0.0407715 0.00683594 0.0966797
v -0.0415039 0.00830078 0.079834
v -0.0317383 0.0256348 0.0615234
v -0.0317383 0.0290527 0.0322266
v -0.0317383 0.0280762 -0.0151367
v -0.0427246 0.00732422 -0.0395508
v -0.0427246 0.00463867 -0.0773926
v -0.0397949 -0.000976562 -0.100586
v -0.0427246 -0.0175781 -0.100586
v -0.0427246 -0.0187988 -0.105469
v -0.0419922 -0.0251465 -0.106689
v -0.0419922 -0.0273438 -0.0981445
v -0.045166 -0.0065918 -0.092041
v -0.045166 -0.0065918 -0.0651855
v -0.0415039 -0.0285645 -0.0578613
v -0.0354004 -0.0285645 -0.0395508
v -0.0324707 -0.0285645 0.0317383
v -0.0415039 -0.0285645 0.0478516
v -0.0439453 0.00732422 0.0319824
v 0 -0.0249023 -0.106689
v 0 -0.0187988 -0.105469
v 0 -0.0175781 -0.100586
v 0 0 -0.0993652
v 0 0.00244141 0.102783
v 0 -0.0219727 0.104248
v -0.0273438 -0.0285645 0.0478516
v -0.0273438 -0.0285645 -0.0578613
v -0.0273438 -0.0273438 -0.0981445
v -0.0273438 -0.0273438 0.0871582
v -0.0397949 0.00268555 0.102051
v -0.0427246 -0.0256348 0.106934
v -0.0368652 -0.0065918 0.0319824
v -0.0390625 -0.00708008 -0.0395508
v -0.0439453 -0.0131836 0.0993652
v -0.0415039 -0.0290527 0.101074
v 0.0273438 -0.0273438 0.0871582
v 0.0415039 -0.0273438 0.0871582
v 0.0415039 -0.0253906 0.101074
v 0.0415039 -0.0219727 0.114258
v 0.0454102 -0.0065918 0.0810547
v 0.0439453 -0.0131836 0.0993652
v 0.0415039 0.00830078 0.079834
v 0.0407715 0.00683594 0.0966797
v 0.0385742 0.00268555 0.109375
v 0.0336914 -0.0285645 0.0317383
v 0.0415039 -0.0285645 0.0478516
v 0.0273438 -0.0285645 0.0478516
v 0.0437012 -0.0175781 -0.109131
v 0.0410156 -0.000976562 -0.109131
v 0.0427246 0.00463867 -0.0773926
v 0.0427246 0.00732422 -0.0395508
v 0.0273438 -0.0273438 -0.0981445
v 0.0344238 -0.0285645 -0.0395508
v 0.0273438 -0.0285645 -0.0578613
v 0.0415039 -0.0285645 -0.0578613
v 0.0463867 -0.0065918 0.0561523
v 0.0383301 -0.0065918 0.0319824
v 0.0380859 -0.00708008 -0.0395508
v 0.0439453 0.00732422 0.0319824
v 0.045166 -0.0065918 -0.0651855
v 0.045166 -0.0065918 -0.092041
v 0.0419922 -0.0273438 -0.0981445
v 0.0432129 -0.0288086 -0.115234
v 0.0437012 -0.0200195 -0.114014
v 0.0317383 0.0280762 -0.0151367
v 0.0317383 0.0290527 0.0322266
v 0.0317383 0.0256348 0.0615234
v -0.0405273 0.0236816 0.0915527
v 0.0400391 0.0163574 0.0964355
v 0.0368652 0.0229492 -0.0651855
v -0.0415039 0.0170898 -0.0773926
v 0 -0.0219727 0.104248
v 0 -0.0134277 0.105713
v -0.0427246 -0.0124512 0.10376
v 0 -0.0124512 0.102539
v -0.0419922 -0.0134277 0.10791
v 0.0415039 -0.0124512 0.111084
v 0.0407715 -0.0134277 0.115234
usemtl none
f 1 1 1 
f 1 1 1 
f 1 1 1 
f 1 1 1 
f 1 1 1 
f 1 1 1 
f 1 1 1 
f 1 1 1 
f 1 1 1 
f 1 1 1 
f 1 1 1 
f 1 1 1 
f 1 1 1 
f 1 1 1 
f 1 1 1 
f 1 1 1 
f 1 1 1 
f 1 1 2 
f 1 1 1 
f 1 1 1 
f 1 1 1 
f 1 1 1 
f 1 1 1 
f 1 1 1 
f 1 1 1 
f 1 1 1 
f 1 1 1 
f 1 1 1 
f 1 1 1 
f 1 1 1 
f 1 1 1 
f 1 1 1 
f 1 1 1 
f 1 1 1 
f 1 1 1 
f 1 1 1 
f 1 1 1 
f 1 1 1 
f 1 1 1 
f 1 1 1 
f 1 1 1 
f 1 1 1 
f 1 1 1 
f 1 1 1 
f 1 1 1 
f 1 1 1 
f 1 1 1 
f 1 1 1 
f 1 1 1 
f 1 1 1 
f 1 1 1 
f 1 1 1 
f 1 1 1 
f 1 1 1 
f 1 1 1 
f 1 1 1 
f 1 1 1 
f 1 1 1 
f 1 1 1 
f 1 1 1 
f 1 1 1 
f 1 1 1 
f 1 1 1 
f 1 1 1 
f 1 1 1 
f 1 1 1 
f 1 1 1 
f 1 1 1 
f 1 1 1 
f 1 1 1 
f 1 1 1 
f 1 1 1 
f 1 1 1 
f 1 1 1 
f 1 1 1 
f 1 1 1 
f 1 1 1 
f 1 1 1 
f 1 1 1 
f 1 1 1 
f 1 1 1 
f 1 1 1 
f 1 1 1 
f 1 1 1 
f 1 1 1 
f 1 1 1 
f 1 1 1 
f 1 1 1 
f 1 1 1 
f 1 1 1 
f 1 1 1 
f 1 1 1 
f 1 1 1 
f 1 1 1 
f 1 1 1 
f 1 1 1 
f 1 1 1 
f 1 1 1 
f 1 1 1 
f 1 1 1 
f 1 1 1 
f 1 1 1 
f 1 1 1 
f 1 1 1 
f 1 1 1 
f 1 1 1 
f 1 1 1 
f 1 1 1 
f 1 1 1 
f 1 1 1 
f 1 1 1 
f 1 1 1 
f 1 1 1 
f 1 1 1 
f 1 1 1 
f 1 1 1 
f 1 1 1 
f 1 1 1 
f 1 1 1 
f 1 1 1 
f 1 1 1 
f 1 1 1 
f 1 1 1 
f 1 1 1 
f 1 1 1 
f 1 1 1 
f 1 1 1 
f 1 1 1 
f 1 1 1 
f 1 1 1 
f 1 1 1 
f 1 1 1 
