mtllib MODELPAGES.mtl
g CARMODEL_0_damaged
o CARMODEL_0_damaged
v 0.000732422 -0.034668 -0.118408
v 0 -0.0307617 0.115234
v -0.043457 -0.0354004 -0.059082
v -0.0463867 -0.0141602 -0.065918
v -0.0429688 0.00415039 -0.0473633
v -0.0332031 0.0253906 -0.015625
v -0.0178223 0.00415039 -0.0510254
v -0.0212402 -0.0354004 -0.059082
v -0.043457 -0.0354004 0.052002
v -0.0212402 -0.0354004 0.052002
v -0.048584 -0.0129395 0.059082
v -0.0332031 0.0239258 0.0522461
v -0.0212402 -0.0336914 0.0932617
v -0.043457 -0.0336914 0.0932617
v -0.0478516 -0.0129395 0.0834961
v -0.0383301 -0.0354004 0.0371094
v -0.0429688 -0.0141602 0.0371094
v -0.0419922 0.000244141 -0.0927734
v -0.0212402 -0.034668 -0.10498
v -0.043457 -0.034668 -0.10498
v -0.0463867 -0.0141602 -0.0964355
v 0.000732422 -0.0187988 0.115967
v -0.0449219 -0.0107422 0.116455
v -0.0446777 -0.0178223 0.117432
v 0 -0.0178223 0.113281
v -0.0454102 0.00170898 0.0395508
v -0.0437012 0.00317383 0.0722656
v -0.0410156 -0.00219727 0.114502
v -0.043457 -0.0205078 -0.11499
v 0.000732422 -0.0217285 -0.116943
v 0.000732422 -0.00463867 -0.11084
v -0.0432129 -0.00463867 -0.113525
v 0.000732422 -0.0205078 -0.113525
v -0.043457 -0.0246582 -0.118652
v -0.0441895 -0.034668 -0.118164
v 0 -0.00219727 0.110352
v -0.0422363 -0.0307617 0.116943
v -0.0439453 -0.0187988 0.119873
v 0.0429688 0.00415039 -0.0473633
v 0.0478516 -0.0141602 -0.065918
v 0.0419922 0.000244141 -0.0927734
v 0.0463867 -0.0141602 -0.0964355
v 0.0437012 0.00317383 0.0722656
v 0.0478516 -0.0129395 0.0834961
v 0.048584 -0.0129395 0.059082
v 0.0212402 -0.0336914 0.0932617
v 0.0212402 -0.0354004 0.052002
v 0.0212402 -0.0354004 -0.059082
v 0.0212402 -0.034668 -0.10498
v 0.043457 -0.0178223 0.122314
v 0.0424805 -0.0187988 0.125488
v 0.0429688 -0.0205078 -0.121826
v 0.0427246 -0.0246582 -0.125488
v 0.0427246 -0.00463867 -0.120361
v 0.0405273 -0.0307617 0.122559
v 0.043457 -0.0336914 0.0932617
v 0.0397949 -0.00219727 0.119629
v 0.0439453 -0.0107422 0.121338
v 0 -0.0107422 0.112305
v 0.041748 -0.034668 -0.123535
v 0.0449219 -0.034668 -0.10498
v 0.032959 0.0239258 0.0522461
v 0.0454102 0.00170898 0.0395508
v 0.0429688 -0.0141602 0.0371094
v 0.032959 0.0253906 -0.015625
v 0.043457 -0.0354004 0.052002
v 0.0449219 -0.0354004 -0.059082
v 0.0178223 0.00415039 -0.0510254
v 0.0383301 -0.0354004 0.0371094
v 0.0429688 -0.0141602 -0.0395508
v 0.0395508 -0.0354004 -0.0419922
v -0.041748 -0.0141602 -0.0395508
v -0.0383301 -0.0354004 -0.0419922
v 0.0402832 0.0148926 -0.0969238
v -0.0402832 0.0148926 -0.0969238
v -0.0424805 0.000976562 0.107666
v 0.0424805 0.000976562 0.107666
v 0.041748 0.017334 0.0969238
v -0.041748 0.017334 0.0969238
v -0.0332031 0.0263672 0.00219727
v -0.027832 0.0354004 0.00390625
v -0.027832 0.0351562 0.0141602
v -0.0332031 0.026123 0.0163574
v 0.027832 0.0349121 0.0141602
v 0.032959 0.026123 0.0163574
v 0.032959 0.0263672 0.00219727
v 0.027832 0.0354004 0.00415039
usemtl none
f 1 1 1 
f 1 1 1 
f 1 1 1 
f 1 1 1 
f 1 1 1 
f 1 1 1 
f 1 1 1 
f 1 1 1 
f 1 1 1 
f 1 1 1 
f 1 1 1 
f 1 1 1 
f 1 1 1 
f 1 1 1 
f 1 1 1 
f 1 1 1 
f 1 1 1 
f 1 1 1 
f 1 1 1 
f 1 1 1 
f 1 1 1 
f 1 1 1 
f 1 1 1 
f 1 1 1 
f 19 54 85 
f 1 1 2 
f 19 54 85 
f 1 1 1 
f 1 1 1 
f 1 1 1 
f 1 1 1 
f 1 1 1 
f 1 1 1 
f 1 1 1 
f 1 1 1 
f 1 1 1 
f 1 1 1 
f 1 1 1 
f 1 1 1 
f 1 1 1 
f 1 1 1 
f 1 1 1 
f 1 1 1 
f 1 1 1 
f 1 1 1 
f 1 1 1 
f 1 1 1 
f 1 1 1 
f 1 1 1 
f 1 1 1 
f 1 1 1 
f 1 1 1 
f 1 1 1 
f 1 1 1 
f 1 1 1 
f 19 54 85 
f 1 1 1 
f 19 54 85 
f 1 1 1 
f 1 1 1 
f 1 1 1 
f 1 1 1 
f 1 1 1 
f 1 1 1 
f 1 1 1 
f 1 1 1 
f 1 1 1 
f 1 1 1 
f 1 1 1 
f 1 1 1 
f 1 1 1 
f 1 1 1 
f 1 1 1 
f 1 1 1 
f 1 1 1 
f 1 1 1 
f 1 1 1 
f 1 1 1 
f 1 1 1 
f 1 1 1 
f 1 1 1 
f 1 1 1 
f 1 1 1 
f 19 54 85 
f 1 1 1 
f 19 54 85 
f 1 1 1 
f 1 1 1 
f 1 1 1 
f 1 1 1 
f 1 1 1 
f 1 1 1 
f 1 1 1 
f 1 1 1 
f 1 1 1 
f 1 1 1 
f 1 1 1 
f 1 1 1 
f 1 1 1 
f 1 1 1 
f 1 1 1 
f 1 1 1 
f 1 1 1 
f 1 1 1 
f 1 1 1 
f 1 1 1 
f 1 1 1 
f 1 1 1 
f 1 1 1 
f 1 1 1 
f 1 1 1 
f 19 54 85 
f 1 1 1 
f 19 54 85 
f 1 1 1 
f 1 1 1 
f 1 1 1 
f 1 1 1 
f 1 1 1 
f 1 1 1 
f 1 1 1 
f 1 1 1 
f 1 1 1 
f 1 1 1 
f 1 1 1 
f 1 1 1 
f 1 1 1 
f 1 1 1 
f 1 1 1 
f 1 1 1 
f 1 1 1 
f 1 1 1 
f 1 1 1 
f 1 1 1 
f 1 1 1 
f 1 1 1 
f 1 1 1 
f 1 1 1 
f 1 1 1 
f 19 54 85 
f 1 1 1 
f 19 54 85 
