mtllib MODELPAGES.mtl
g CARMODEL_7_damaged
o CARMODEL_7_damaged
v -0.0319824 -0.0183105 -0.095459
v -0.0336914 -0.0114746 -0.0952148
v -0.0341797 -0.00976562 -0.0898438
v -0.0336914 0.00415039 -0.0898438
v -0.0354004 0.0100098 -0.0371094
v -0.0275879 0.027832 -0.013916
v -0.0263672 0.0263672 0.0441895
v -0.0354004 0.00878906 0.0588379
v -0.0327148 0.00463867 0.0944824
v -0.0354004 -0.00805664 0.0949707
v -0.0354004 -0.00952148 0.0996094
v -0.0324707 -0.017334 0.0959473
v -0.0344238 -0.019043 0.0834961
v -0.0385742 -0.00512695 0.0749512
v -0.0385742 -0.00512695 0.0546875
v -0.0332031 -0.0234375 0.0480957
v -0.0332031 -0.0236816 -0.0454102
v -0.0385742 -0.00561523 -0.0551758
v -0.0385742 -0.00537109 -0.0766602
v -0.0344238 -0.0205078 -0.083252
v -0.0117188 -0.0183105 -0.0974121
v -0.0117188 -0.0114746 -0.097168
v -0.0117188 -0.00976562 -0.092041
v -0.0117188 0.00415039 -0.092041
v -0.0212402 0.010498 -0.043457
v 0.0288086 -0.0231934 -0.00219727
v 0.0344238 -0.0205078 -0.083252
v -0.0168457 0.00512695 0.095459
v -0.0168457 -0.00805664 0.097168
v -0.0168457 -0.00952148 0.102295
v -0.0168457 -0.017334 0.098877
v -0.0275879 -0.019043 0.0834961
v 0 0.0292969 -0.000732422
v 0 -0.00805664 0.098877
v -0.0275879 -0.0234375 0.0480957
v -0.0273438 -0.0236816 -0.0454102
v 0.0349121 0.0065918 0.0895996
v -0.0349121 0.0065918 0.0895996
v -0.0273438 -0.0205078 -0.083252
v 0.0141602 -0.0183105 -0.107178
v 0.0141602 -0.0114746 -0.106934
v 0.0141602 -0.00976562 -0.101807
v 0.0141602 0.00415039 -0.101807
v 0.0212402 0.010498 -0.043457
v 0.036377 0.0078125 -0.0012207
v 0.0385742 -0.00537109 -0.0766602
v 0.0180664 0.00512695 0.102783
v 0.0180664 -0.00805664 0.104492
v 0.0180664 -0.00952148 0.107178
v 0.0180664 -0.017334 0.106201
v 0.0275879 -0.019043 0.0834961
v 0 -0.017334 0.0998535
v 0 -0.00952148 0.103516
v 0.0275879 -0.0234375 0.0480957
v 0.0273438 -0.0236816 -0.0454102
v -0.0356445 0.00634766 -0.074707
v 0.0356445 0.00634766 -0.074707
v 0.0273438 -0.0205078 -0.083252
v 0.0344238 -0.0183105 -0.105225
v 0.0361328 -0.0114746 -0.10498
v 0.0366211 -0.00976562 -0.0996094
v 0.0361328 0.00415039 -0.0996094
v 0.0354004 0.0100098 -0.0371094
v 0.0263672 0.027832 -0.013916
v 0.0266113 0.0263672 0.0441895
v 0.0354004 0.00878906 0.0588379
v 0.0339355 0.00463867 0.101807
v 0.0366211 -0.00805664 0.102295
v 0.0356445 -0.00952148 0.104492
v 0.0336914 -0.017334 0.103271
v 0.0344238 -0.019043 0.0834961
v 0.0385742 -0.00512695 0.0749512
v 0.0385742 -0.00512695 0.0546875
v 0.0332031 -0.0234375 0.0480957
v 0.0332031 -0.0236816 -0.0454102
v 0.0385742 -0.00561523 -0.0551758
v -0.0288086 -0.0231934 -0.00219727
v -0.036377 0.0078125 -0.0012207
v -0.0273438 0.0285645 0.0109863
v 0.0273438 0.0285645 0.0109863
v -0.0273438 0.0285645 -0.000732422
v 0.0273438 0.0285645 -0.000732422
v -0.0244141 0.0358887 -0.000732422
v 0.0244141 0.0358887 -0.000732422
v -0.0244141 0.0358887 0.0109863
v 0.0244141 0.0358887 0.0109863
v 0.0354004 0.019043 -0.0769043
v -0.0354004 0.0166016 -0.0769043
v -0.034668 0.0144043 0.0891113
v 0.034668 0.0168457 0.0891113
v 0.0183105 0.0090332 0.064209
v -0.0183105 0.0090332 0.064209
v -0.0324707 -0.00561523 -0.000976562
v 0.0324707 -0.00561523 -0.000976562
v -0.036377 -0.00561523 -0.0397949
v 0.036377 -0.00561523 -0.0397949
v 0 0.00463867 -0.0969238
v 0 0.0114746 -0.0463867
v 0 0.0285645 -0.0180664
v 0 0.00488281 0.0959473
v 0 0.017334 0.0891113
v 0 0.00927734 0.0654297
v 0 0.0270996 0.0478516
v 0 0.0290527 0.0109863
v 0 0.0358887 0.0109863
v 0 0.0358887 -0.000732422
v -0.0175781 0.0148926 0.0891113
v 0.0175781 0.017334 0.0891113
v 0 -0.00976562 -0.0974121
v 0 -0.0114746 -0.102539
v 0 -0.0183105 -0.102783
v -0.0270996 0.0275879 0.0251465
v 0.0283203 -0.0231934 0.0251465
v -0.0283203 -0.0231934 0.0251465
v 0.0273438 0.0275879 0.0251465
v 0.0358887 0.00805664 0.0251465
v -0.0358887 0.00805664 0.0251465
v 0.032959 -0.00537109 0.0251465
v 0 0.0285645 0.0251465
v -0.032959 -0.00537109 0.0251465
v 0.0375977 -0.0065918 0.0917969
v -0.036377 -0.0065918 0.0844727
v -0.032959 -0.0185547 0.0876465
v 0.0341797 -0.0185547 0.0949707
v -0.0175781 0.0178223 -0.0773926
v 0 0.0183105 -0.0773926
v 0.0175781 0.0202637 -0.0773926
usemtl none
f 1 1 1 
f 1 1 1 
f 19 54 85 
f 1 1 2 
f 19 54 85 
f 1 1 1 
f 1 1 1 
f 1 1 1 
f 1 1 1 
f 1 1 1 
f 1 1 1 
f 1 1 1 
f 1 1 1 
f 1 1 1 
f 1 1 1 
f 1 1 1 
f 1 1 1 
f 1 1 1 
f 1 1 1 
f 1 1 1 
f 1 1 1 
f 1 1 1 
f 1 1 1 
f 1 1 1 
f 1 1 1 
f 1 1 1 
f 1 1 1 
f 1 1 1 
f 1 1 1 
f 1 1 1 
f 1 1 1 
f 1 1 1 
f 1 1 1 
f 19 54 85 
f 1 1 1 
f 19 54 85 
f 1 1 1 
f 1 1 1 
f 1 1 1 
f 1 1 1 
f 1 1 1 
f 1 1 1 
f 1 1 1 
f 1 1 1 
f 1 1 1 
f 1 1 1 
f 1 1 1 
f 1 1 1 
f 1 1 1 
f 1 1 1 
f 1 1 1 
f 1 1 1 
f 1 1 1 
f 1 1 1 
f 1 1 1 
f 1 1 1 
f 1 1 1 
f 1 1 1 
f 1 1 1 
f 1 1 1 
f 1 1 1 
f 19 54 85 
f 1 1 1 
f 19 54 85 
f 1 1 1 
f 1 1 1 
f 1 1 1 
f 1 1 1 
f 1 1 1 
f 1 1 1 
f 1 1 1 
f 1 1 1 
f 1 1 1 
f 1 1 1 
f 1 1 1 
f 1 1 1 
f 1 1 1 
f 1 1 1 
f 1 1 1 
f 1 1 1 
f 1 1 1 
f 1 1 1 
f 1 1 1 
f 1 1 1 
f 1 1 1 
f 1 1 1 
f 1 1 1 
f 1 1 1 
f 1 1 1 
f 19 54 85 
f 1 1 1 
f 19 54 85 
f 1 1 1 
f 1 1 1 
f 1 1 1 
f 1 1 1 
f 1 1 1 
f 1 1 1 
f 1 1 1 
f 1 1 1 
f 1 1 1 
f 1 1 1 
f 1 1 1 
f 1 1 1 
f 1 1 1 
f 1 1 1 
f 1 1 1 
f 1 1 1 
f 1 1 1 
f 1 1 1 
f 1 1 1 
f 1 1 1 
f 1 1 1 
f 1 1 1 
f 1 1 1 
f 1 1 1 
f 1 1 1 
f 19 54 85 
f 1 1 1 
f 19 54 85 
f 1 1 1 
f 1 1 1 
f 1 1 1 
f 1 1 1 
f 1 1 1 
f 1 1 1 
f 1 1 1 
f 1 1 1 
f 1 1 1 
f 1 1 1 
f 1 1 1 
f 1 1 1 
f 1 1 1 
f 1 1 1 
f 1 1 1 
f 1 1 1 
f 1 1 1 
f 1 1 1 
f 1 1 1 
f 1 1 1 
f 1 1 1 
f 1 1 1 
f 1 1 1 
f 1 1 1 
f 1 1 1 
f 19 54 85 
f 1 1 1 
f 19 54 85 
f 1 1 1 
f 1 1 1 
f 1 1 1 
f 1 1 1 
f 1 1 1 
f 1 1 1 
f 1 1 1 
f 1 1 1 
f 1 1 1 
f 1 1 1 
f 1 1 1 
f 1 1 1 
f 1 1 1 
f 1 1 1 
f 1 1 1 
f 1 1 1 
f 1 1 1 
f 1 1 1 
f 1 1 1 
f 1 1 1 
f 1 1 1 
f 1 1 1 
f 1 1 1 
f 1 1 1 
f 1 1 1 
f 19 54 85 
f 1 1 1 
f 19 54 85 
f 1 1 1 
f 1 1 1 
f 1 1 1 
f 1 1 1 
f 1 1 1 
f 1 1 1 
f 1 1 1 
f 1 1 1 
f 1 1 1 
f 1 1 1 
f 1 1 1 
f 1 1 1 
f 1 1 1 
f 1 1 1 
f 1 1 1 
f 1 1 1 
f 1 1 1 
f 1 1 1 
f 1 1 1 
f 1 1 1 
f 1 1 1 
f 1 1 1 
f 1 1 1 
f 1 1 1 
f 1 1 1 
f 19 54 85 
f 1 1 1 
f 19 54 85 
f 1 1 1 
f 1 1 1 
f 1 1 1 
f 1 1 1 
f 1 1 1 
f 1 1 1 
f 1 1 1 
f 1 1 1 
f 1 1 1 
f 1 1 1 
f 1 1 1 
f 1 1 1 
f 1 1 1 
f 1 1 1 
f 1 1 1 
f 1 1 1 
f 1 1 1 
f 1 1 1 
f 1 1 1 
f 1 1 1 
f 1 1 1 
f 1 1 1 
f 1 1 1 
f 1 1 1 
f 1 1 1 
f 19 54 85 
f 1 1 1 
f 19 54 85 
f 1 1 1 
f 1 1 1 
