mtllib MODELPAGES.mtl
g CARMODEL_8_damaged
o CARMODEL_8_damaged
v -0.046875 -0.0102539 0.0505371
v -0.0456543 -0.0102539 0.0727539
v -0.0415039 -0.0224609 0.0847168
v -0.0395508 0.00854492 0.0856934
v -0.0390625 0.0112305 0.0695801
v -0.0317383 0.0212402 0.0471191
v -0.0317383 0.0249023 0.0310059
v -0.0317383 0.026123 0.00683594
v -0.0317383 0.0249023 -0.0183105
v -0.0427246 0.0078125 -0.0332031
v -0.0415039 0.00415039 -0.0761719
v -0.0402832 0 -0.0952148
v -0.0427246 -0.0134277 -0.101074
v -0.0427246 -0.013916 -0.102051
v -0.0402832 -0.0224609 -0.102051
v -0.0427246 -0.0236816 -0.0942383
v -0.045166 -0.0090332 -0.0905762
v -0.045166 -0.0090332 -0.0646973
v -0.0415039 -0.0273438 -0.0534668
v -0.036377 -0.0273438 -0.0332031
v -0.036377 -0.0273438 0.00805664
v -0.0415039 -0.0273438 0.0412598
v -0.0439453 0.00463867 0.00854492
v -0.0439453 0.00512695 0.0405273
v -0.0292969 -0.0273438 0.0412598
v -0.0292969 -0.0273438 -0.0534668
v -0.0292969 -0.0236816 -0.0942383
v -0.0163574 0.0151367 -0.0778809
v -0.0205078 0.0090332 -0.0405273
v -0.0136719 0.026123 -0.0236816
v -0.0136719 0.0273438 0.00683594
v -0.0136719 0.026123 0.0310059
v -0.0136719 0.0219727 0.0483398
v -0.013916 0.013916 0.0708008
v -0.013916 0.0170898 0.0854492
v -0.0292969 -0.0224609 0.0847168
v -0.0400391 0.00634766 0.0939941
v -0.0422363 -0.00170898 0.0979004
v -0.0412598 -0.00292969 0.10083
v -0.0390625 -0.0114746 0.10083
v -0.041748 -0.00952148 0.00854492
v -0.0405273 -0.00927734 -0.0332031
v -0.0439453 -0.00756836 0.0856934
v -0.0415039 0.0141602 -0.0786133
v -0.0385742 0.0166016 0.0864258
v -0.036377 0.0126953 0.0698242
v -0.03125 0.00561523 0.0939941
v -0.0400391 -0.00219727 -0.101318
v -0.0383301 0.00830078 -0.0358887
v 0.0466309 -0.0102539 0.0505371
v 0.0437012 0.00512695 0.0405273
v 0.0388184 0.0112305 0.0695801
v 0.0456543 -0.0102539 0.0727539
v 0.0415039 0.0178223 -0.0786133
v 0.0400391 0 -0.10376
v 0.0400391 -0.00219727 -0.109863
v 0 -0.00170898 -0.100098
v 0 0.000732422 -0.0932617
v 0.0163574 0.0187988 -0.0778809
v 0.0424805 0.0078125 -0.0332031
v 0.0383301 0.00830078 -0.0358887
v 0.0202637 0.0090332 -0.0405273
v 0 -0.0126953 -0.0998535
v 0.0424805 -0.0134277 -0.109619
v 0.0136719 0.026123 -0.0236816
v 0.0314941 0.0249023 -0.0183105
v 0.036377 0.0126953 0.0698242
v 0.013916 0.013916 0.0708008
v 0.013916 0.0146484 0.0854492
v 0.0385742 0.0141602 0.0864258
v 0 0.00537109 0.0959473
v 0.0307617 0.00561523 0.10376
v 0.0393066 0.00634766 0.10376
v 0 -0.00170898 0.100586
v 0.0415039 -0.00170898 0.107666
v 0.0314941 0.0212402 0.0471191
v 0.0136719 0.0219727 0.0483398
v 0.0439453 -0.00756836 0.0856934
v 0.0405273 -0.00292969 0.110596
v 0.0385742 -0.0114746 0.110596
v 0.0395508 0.00854492 0.0856934
v 0.0412598 0.00415039 -0.0761719
v 0.0290527 -0.0224609 0.0847168
v 0.0412598 -0.0224609 0.0847168
v 0 -0.0114746 0.10376
v 0.036377 -0.0273438 0.00805664
v 0.0412598 -0.0273438 0.0412598
v 0.0290527 -0.0273438 0.0412598
v 0 -0.0224609 -0.101318
v 0.0290527 -0.0236816 -0.0942383
v 0.036377 -0.0273438 -0.0332031
v 0.0290527 -0.0273438 -0.0534668
v 0.0412598 -0.0273438 -0.0534668
v 0.041748 -0.00952148 0.00854492
v 0.0405273 -0.00927734 -0.0332031
v 0.0437012 0.00463867 0.00854492
v 0.0449219 -0.0090332 -0.0646973
v 0 -0.00292969 0.104004
v 0.0449219 -0.0090332 -0.0905762
v 0.0424805 -0.0236816 -0.0942383
v 0.0400391 -0.0224609 -0.110596
v 0 -0.013916 -0.102051
v 0.0424805 -0.013916 -0.110596
v 0.0136719 0.0273438 0.00683594
v 0.0314941 0.026123 0.00683594
v 0.0136719 0.026123 0.0310059
v 0.0314941 0.0249023 0.0310059
v -0.046875 -0.010498 0.0415039
v 0.046875 -0.010498 0.0415039
v 0.0424805 0.00439453 0.0705566
v 0.0415039 0.00341797 0.0856934
v -0.0427246 0.00439453 0.0705566
v -0.0415039 0.00341797 0.0856934
usemtl none
f 1 1 1 
f 1 1 1 
f 1 1 1 
f 1 1 1 
f 1 1 1 
f 1 1 1 
f 1 1 1 
f 19 54 85 
f 1 1 2 
f 19 54 85 
f 1 1 1 
f 1 1 1 
f 1 1 1 
f 1 1 1 
f 1 1 1 
f 1 1 1 
f 1 1 1 
f 1 1 1 
f 1 1 1 
f 1 1 1 
f 1 1 1 
f 1 1 1 
f 1 1 1 
f 1 1 1 
f 1 1 1 
f 1 1 1 
f 1 1 1 
f 1 1 1 
f 1 1 1 
f 1 1 1 
f 1 1 1 
f 1 1 1 
f 1 1 1 
f 1 1 1 
f 1 1 1 
f 1 1 1 
f 1 1 1 
f 1 1 1 
f 19 54 85 
f 1 1 1 
f 19 54 85 
f 1 1 1 
f 1 1 1 
f 1 1 1 
f 1 1 1 
f 1 1 1 
f 1 1 1 
f 1 1 1 
f 1 1 1 
f 1 1 1 
f 1 1 1 
f 1 1 1 
f 1 1 1 
f 1 1 1 
f 1 1 1 
f 1 1 1 
f 1 1 1 
f 1 1 1 
f 1 1 1 
f 1 1 1 
f 1 1 1 
f 1 1 1 
f 1 1 1 
f 1 1 1 
f 1 1 1 
f 1 1 1 
f 19 54 85 
f 1 1 1 
f 19 54 85 
f 1 1 1 
f 1 1 1 
f 1 1 1 
f 1 1 1 
f 1 1 1 
f 1 1 1 
f 1 1 1 
f 1 1 1 
f 1 1 1 
f 1 1 1 
f 1 1 1 
f 1 1 1 
f 1 1 1 
f 1 1 1 
f 1 1 1 
f 1 1 1 
f 1 1 1 
f 1 1 1 
f 1 1 1 
f 1 1 1 
f 1 1 1 
f 1 1 1 
f 1 1 1 
f 1 1 1 
f 1 1 1 
f 19 54 85 
f 1 1 1 
f 19 54 85 
f 1 1 1 
f 1 1 1 
f 1 1 1 
f 1 1 1 
f 1 1 1 
f 1 1 1 
f 1 1 1 
f 1 1 1 
f 1 1 1 
f 1 1 1 
f 1 1 1 
f 1 1 1 
f 1 1 1 
f 1 1 1 
f 1 1 1 
f 1 1 1 
f 1 1 1 
f 1 1 1 
f 1 1 1 
f 1 1 1 
f 1 1 1 
f 1 1 1 
f 1 1 1 
f 1 1 1 
f 1 1 1 
f 19 54 85 
f 1 1 1 
f 19 54 85 
f 1 1 1 
f 1 1 1 
f 1 1 1 
f 1 1 1 
f 1 1 1 
f 1 1 1 
f 1 1 1 
f 1 1 1 
f 1 1 1 
f 1 1 1 
f 1 1 1 
f 1 1 1 
f 1 1 1 
f 1 1 1 
f 1 1 1 
f 1 1 1 
f 1 1 1 
f 1 1 1 
f 1 1 1 
f 1 1 1 
f 1 1 1 
f 1 1 1 
f 1 1 1 
f 1 1 1 
f 1 1 1 
f 19 54 85 
f 1 1 1 
f 19 54 85 
f 1 1 1 
f 1 1 1 
f 1 1 1 
f 1 1 1 
f 1 1 1 
f 1 1 1 
f 1 1 1 
f 1 1 1 
f 1 1 1 
f 1 1 1 
f 1 1 1 
f 1 1 1 
f 1 1 1 
f 1 1 1 
f 1 1 1 
f 1 1 1 
f 1 1 1 
f 1 1 1 
f 1 1 1 
f 1 1 1 
f 1 1 1 
f 1 1 1 
f 1 1 1 
f 1 1 1 
f 1 1 1 
f 19 54 85 
f 1 1 1 
f 19 54 85 
f 1 1 1 
f 1 1 1 
f 1 1 1 
f 1 1 1 
f 1 1 1 
f 1 1 1 
f 1 1 1 
f 1 1 1 
f 1 1 1 
f 1 1 1 
f 1 1 1 
f 1 1 1 
f 1 1 1 
f 1 1 1 
f 1 1 1 
f 1 1 1 
f 1 1 1 
f 1 1 1 
f 1 1 1 
f 1 1 1 
f 1 1 1 
f 1 1 1 
f 1 1 1 
f 1 1 1 
f 1 1 1 
f 19 54 85 
f 1 1 1 
f 19 54 85 
