mtllib MODELPAGES.mtl
g CARMODEL_2_damaged
o CARMODEL_2_damaged
v 0.000488281 -0.0292969 -0.0983887
v 0.000488281 -0.0263672 0.10083
v -0.0397949 -0.0332031 -0.0556641
v -0.0424805 -0.012207 -0.0620117
v -0.0393066 0.00195312 -0.0368652
v -0.0266113 0.0234375 -0.0144043
v -0.0163574 0.00195312 -0.0393066
v -0.0195312 -0.0332031 -0.0556641
v -0.0397949 -0.0332031 0.0524902
v -0.0195312 -0.0332031 0.0524902
v -0.0446777 -0.012207 0.0566406
v -0.0266113 0.0234375 0.0495605
v -0.0195312 -0.0290527 0.0917969
v -0.0397949 -0.0290527 0.0917969
v -0.0439453 -0.012207 0.0837402
v -0.0317383 -0.0327148 0.0344238
v -0.0361328 -0.012207 0.0344238
v -0.0383301 0.000244141 -0.0795898
v -0.0192871 -0.0310059 -0.0966797
v -0.0397949 -0.0310059 -0.0966797
v -0.0424805 -0.012207 -0.0908203
v 0.000488281 -0.0178223 0.102295
v -0.041748 -0.00952148 0.104248
v -0.0415039 -0.0168457 0.105225
v 0.000488281 -0.0168457 0.0979004
v -0.041748 0 0.034668
v -0.0400391 0.000976562 0.0666504
v -0.0380859 -0.00390625 0.102539
v -0.0393066 -0.0195312 -0.0983887
v 0.000488281 -0.020752 -0.0983887
v 0.000488281 -0.00439453 -0.092041
v -0.0358887 -0.00439453 -0.0961914
v 0.000488281 -0.0195312 -0.0942383
v -0.0390625 -0.020752 -0.103271
v -0.0388184 -0.0292969 -0.103271
v 0.000488281 -0.00390625 0.0949707
v -0.0397949 -0.0263672 0.105469
v -0.0415039 -0.0178223 0.106934
v 0.0393066 0.00195312 -0.0368652
v 0.0439453 -0.012207 -0.0620117
v 0.0383301 0.000244141 -0.0795898
v 0.0424805 -0.012207 -0.0908203
v 0.0400391 0.000976562 0.0666504
v 0.0439453 -0.012207 0.0837402
v 0.0446777 -0.012207 0.0566406
v 0.0195312 -0.0290527 0.0917969
v 0.0195312 -0.0332031 0.0524902
v 0.0195312 -0.0332031 -0.0556641
v 0.0192871 -0.0310059 -0.0966797
v 0.0415039 -0.0168457 0.0991211
v 0.0415039 -0.0178223 0.10083
v 0.0419922 -0.0195312 -0.102051
v 0.041748 -0.020752 -0.106934
v 0.0383301 -0.00439453 -0.0998535
v 0.0397949 -0.0263672 0.0993652
v 0.0397949 -0.0290527 0.0917969
v 0.0380859 -0.00390625 0.0964355
v 0.041748 -0.00952148 0.0981445
v 0.000488281 -0.00952148 0.0969238
v 0.0412598 -0.0292969 -0.106934
v 0.0412598 -0.0310059 -0.0966797
v 0.0266113 0.0234375 0.0495605
v 0.041748 0 0.034668
v 0.0400391 -0.012207 0.0344238
v 0.0266113 0.0234375 -0.0144043
v 0.0397949 -0.0332031 0.0524902
v 0.0412598 -0.0332031 -0.0556641
v 0.0163574 0.00195312 -0.0393066
v 0.0356445 -0.0327148 0.0344238
v 0.036377 -0.012207 -0.036377
v 0.0334473 -0.0332031 -0.036377
v -0.0373535 -0.012207 -0.036377
v -0.034668 -0.0332031 -0.036377
v 0.0368652 0.013916 -0.074707
v -0.0368652 0.0200195 -0.074707
v -0.0390625 -0.000732422 0.0952148
v 0.0390625 -0.000732422 0.0952148
v 0.0383301 0.0136719 0.0952148
v -0.0371094 0.0100098 0.0891113
v -0.0131836 0.0332031 0.00146484
v -0.015625 0.0234375 -0.00219727
v -0.0131836 0.0332031 0.00634766
v -0.015625 0.0234375 0.00952148
v 0.0124512 0.0234375 0.00952148
v 0.010498 0.0332031 0.00634766
v 0.0124512 0.0234375 -0.00219727
v 0.010498 0.0332031 0.00146484
usemtl none
